 # Frequency[cm^-1] DOS PDOS
 -7.3455921504E+00  0.0000000000E+00  0.0000E+00  0.0000E+00  0.0000E+00  0.0000E+00  0.0000E+00  0.0000E+00  0.0000E+00  0.0000E+00  0.0000E+00  0.0000E+00  0.0000E+00  0.0000E+00  0.0000E+00  0.0000E+00  0.0000E+00  0.0000E+00  0.0000E+00  0.0000E+00  0.0000E+00  0.0000E+00
 -6.3455921504E+00  3.5927676017E-02  2.7839E-03  2.6523E-03  2.8471E-03  2.6057E-03  9.0928E-04  9.3853E-04  9.6261E-04  9.3982E-04  8.2439E-04  8.6736E-04  1.9633E-03  1.9304E-03  1.9641E-03  2.0873E-03  1.9943E-03  1.8722E-03  1.9562E-03  2.0191E-03  1.9543E-03  1.8554E-03
 -5.3455921504E+00  3.4422554508E-02  2.6745E-03  2.5605E-03  2.8385E-03  2.4090E-03  8.3431E-04  9.0814E-04  9.2087E-04  8.4895E-04  8.0909E-04  8.4882E-04  1.8738E-03  1.8706E-03  1.8222E-03  2.0209E-03  1.9729E-03  1.7163E-03  1.8880E-03  1.9157E-03  1.8972E-03  1.7923E-03
 -4.3455921504E+00  3.7492683850E-02  2.8263E-03  2.8754E-03  3.1772E-03  2.5617E-03  8.6833E-04  1.0132E-03  1.0252E-03  8.6783E-04  9.1138E-04  9.2048E-04  1.9965E-03  2.0923E-03  1.9582E-03  2.2128E-03  2.2114E-03  1.7796E-03  2.1122E-03  2.0123E-03  2.0627E-03  2.0075E-03
 -3.3455921504E+00  4.1511312447E-02  2.8463E-03  3.4278E-03  3.7057E-03  2.6524E-03  8.5386E-04  1.2092E-03  1.2189E-03  8.4041E-04  1.0407E-03  1.0141E-03  2.0462E-03  2.5067E-03  2.0903E-03  2.5348E-03  2.6078E-03  1.7836E-03  2.4837E-03  2.0828E-03  2.2716E-03  2.2945E-03
 -2.3455921504E+00  1.6753129404E-02  1.1898E-03  1.3362E-03  1.5169E-03  1.0364E-03  3.5081E-04  4.9310E-04  4.9599E-04  3.5675E-04  3.8946E-04  4.2205E-04  8.3592E-04  9.9915E-04  8.2345E-04  1.0598E-03  1.0538E-03  7.2430E-04  9.7059E-04  8.8471E-04  9.4376E-04  8.7021E-04
 -1.3455921504E+00  1.4843699327E-02  1.0163E-03  1.2129E-03  1.4104E-03  8.4871E-04  2.8732E-04  4.6060E-04  4.6129E-04  2.9487E-04  3.3675E-04  3.8054E-04  7.0904E-04  9.2224E-04  6.9554E-04  9.8190E-04  9.7617E-04  5.9398E-04  8.7490E-04  7.7363E-04  8.4965E-04  7.5694E-04
 -3.4559215039E-01  1.3339247325E-02  8.7764E-04  1.1155E-03  1.3412E-03  6.8499E-04  2.3407E-04  4.3933E-04  4.3831E-04  2.4368E-04  2.9175E-04  3.4918E-04  6.0602E-04  8.6548E-04  5.8828E-04  9.3077E-04  9.2318E-04  4.8123E-04  8.0031E-04  6.8713E-04  7.7961E-04  6.6161E-04
  6.5440784961E-01  1.3466214439E-02  8.6631E-04  1.1418E-03  1.4001E-03  6.4428E-04  2.2146E-04  4.5894E-04  4.5638E-04  2.3300E-04  2.8705E-04  3.5864E-04  5.9255E-04  8.9630E-04  5.6897E-04  9.6936E-04  9.5992E-04  4.5490E-04  8.1401E-04  6.8951E-04  7.9895E-04  6.5384E-04
  1.6544078496E+00  1.3008257879E-02  9.0615E-04  1.0393E-03  1.3582E-03  6.1131E-04  2.2690E-04  4.3544E-04  4.3057E-04  2.4522E-04  2.5378E-04  3.6215E-04  6.0259E-04  8.3402E-04  5.3609E-04  9.5232E-04  9.1624E-04  4.5618E-04  7.4502E-04  7.1317E-04  8.0068E-04  5.8294E-04
  2.6544078496E+00  1.2140627351E-02  9.4436E-04  8.7961E-04  1.2464E-03  5.8540E-04  2.3752E-04  3.8721E-04  3.8098E-04  2.6255E-04  2.1151E-04  3.5336E-04  6.1207E-04  7.2394E-04  4.9911E-04  8.9143E-04  8.2429E-04  4.6577E-04  6.4015E-04  7.2818E-04  7.7599E-04  4.9078E-04
  3.6544078496E+00  1.2608973378E-02  1.0518E-03  8.4811E-04  1.2585E-03  6.4060E-04  2.7086E-04  3.8298E-04  3.7660E-04  3.0100E-04  2.0630E-04  3.7264E-04  6.7616E-04  7.0620E-04  5.2977E-04  9.1445E-04  8.2338E-04  5.2538E-04  6.2711E-04  7.9950E-04  8.1721E-04  4.8042E-04
  4.6544078496E+00  1.3316011679E-02  1.1453E-03  8.6394E-04  1.2749E-03  7.3197E-04  3.0795E-04  3.8625E-04  3.8178E-04  3.4006E-04  2.1886E-04  3.8831E-04  7.3952E-04  7.1200E-04  5.8696E-04  9.3787E-04  8.3290E-04  5.9756E-04  6.4533E-04  8.6124E-04  8.5469E-04  5.0861E-04
  5.6544078496E+00  1.4872599589E-02  1.2623E-03  9.8573E-04  1.3449E-03  9.0634E-04  3.6001E-04  4.1332E-04  4.1207E-04  3.9010E-04  2.6714E-04  4.1695E-04  8.2933E-04  7.8104E-04  7.0286E-04  9.9341E-04  8.8941E-04  7.1266E-04  7.3295E-04  9.3959E-04  9.2007E-04  6.1234E-04
  6.6544078496E+00  1.5557511482E-02  1.3162E-03  1.0361E-03  1.3805E-03  9.7707E-04  3.8285E-04  4.2672E-04  4.2717E-04  4.1315E-04  2.8469E-04  4.3081E-04  8.6808E-04  8.1054E-04  7.5157E-04  1.0234E-03  9.1531E-04  7.6040E-04  7.7047E-04  9.7850E-04  9.5243E-04  6.5155E-04
  7.6544078496E+00  2.5197486658E-02  2.4798E-03  1.3347E-03  1.7571E-03  2.0298E-03  7.8211E-04  4.9205E-04  4.9575E-04  8.2305E-04  5.1626E-04  6.8301E-04  1.6948E-03  9.9790E-04  1.4467E-03  1.3724E-03  1.1711E-03  1.5784E-03  1.1160E-03  1.7619E-03  1.5114E-03  1.1534E-03
  8.6544078496E+00  3.0338772113E-02  2.8254E-03  1.7473E-03  1.9951E-03  2.5779E-03  9.3464E-04  5.8099E-04  5.9410E-04  9.6431E-04  6.9787E-04  7.6849E-04  1.9873E-03  1.2451E-03  1.8353E-03  1.5571E-03  1.3740E-03  1.9294E-03  1.4461E-03  2.0153E-03  1.7169E-03  1.5461E-03
  9.6544078496E+00  3.4255812499E-02  2.9789E-03  2.1619E-03  2.2633E-03  2.9174E-03  1.0088E-03  6.8893E-04  7.0851E-04  1.0283E-03  8.3977E-04  8.2998E-04  2.1344E-03  1.5126E-03  2.1003E-03  1.7477E-03  1.5914E-03  2.1214E-03  1.7510E-03  2.1536E-03  1.8627E-03  1.8549E-03
  1.0654407850E+01  4.1516588950E-02  3.3976E-03  2.8448E-03  2.8591E-03  3.4612E-03  1.1565E-03  9.0081E-04  9.2498E-04  1.1703E-03  1.0277E-03  9.8290E-04  2.4453E-03  1.9818E-03  2.5206E-03  2.1800E-03  2.0187E-03  2.4619E-03  2.2290E-03  2.4869E-03  2.1988E-03  2.2675E-03
  1.1654407850E+01  3.4371716700E-02  2.6926E-03  2.4610E-03  2.4063E-03  2.8519E-03  9.3469E-04  7.8009E-04  8.0662E-04  9.4551E-04  8.5870E-04  7.8703E-04  1.9374E-03  1.6964E-03  2.1171E-03  1.8494E-03  1.6911E-03  1.9846E-03  1.9207E-03  2.0072E-03  1.7569E-03  1.8864E-03
  1.2654407850E+01  3.5796259742E-02  2.7349E-03  2.6207E-03  2.5027E-03  2.9929E-03  9.5744E-04  8.1591E-04  8.4511E-04  9.6498E-04  9.1193E-04  8.0393E-04  1.9729E-03  1.7874E-03  2.2476E-03  1.9378E-03  1.7546E-03  2.0463E-03  2.0601E-03  2.0697E-03  1.7813E-03  1.9881E-03
  1.3654407850E+01  3.7400271260E-02  2.8429E-03  2.7278E-03  2.6197E-03  3.1120E-03  9.8537E-04  8.4434E-04  8.7560E-04  9.9526E-04  9.6359E-04  8.4692E-04  2.0463E-03  1.8564E-03  2.3550E-03  2.0328E-03  1.8379E-03  2.1259E-03  2.1802E-03  2.1814E-03  1.8731E-03  2.0977E-03
  1.4654407850E+01  4.3011037676E-02  3.2697E-03  3.1385E-03  3.0431E-03  3.5309E-03  1.1129E-03  9.6986E-04  1.0080E-03  1.1276E-03  1.0986E-03  9.8509E-04  2.3349E-03  2.1311E-03  2.6836E-03  2.3556E-03  2.1504E-03  2.4309E-03  2.5321E-03  2.5375E-03  2.1766E-03  2.3941E-03
  1.5654407850E+01  4.3854500841E-02  3.2818E-03  3.2903E-03  3.1301E-03  3.5757E-03  1.1234E-03  1.0154E-03  1.0651E-03  1.1407E-03  1.0999E-03  9.7804E-04  2.3172E-03  2.2008E-03  2.7392E-03  2.4241E-03  2.2325E-03  2.4568E-03  2.6464E-03  2.5715E-03  2.1638E-03  2.4018E-03
  1.6654407850E+01  4.1350211689E-02  3.0859E-03  3.1224E-03  2.9813E-03  3.3484E-03  1.0578E-03  9.7240E-04  1.0253E-03  1.0771E-03  1.0129E-03  9.2110E-04  2.1596E-03  2.0780E-03  2.5780E-03  2.3135E-03  2.1218E-03  2.2968E-03  2.5066E-03  2.4294E-03  2.0413E-03  2.2206E-03
  1.7654407850E+01  4.1333078573E-02  3.1057E-03  3.1075E-03  3.0219E-03  3.3133E-03  1.0574E-03  9.8098E-04  1.0369E-03  1.0779E-03  9.7667E-04  9.3732E-04  2.1592E-03  2.0731E-03  2.5552E-03  2.3468E-03  2.1402E-03  2.2769E-03  2.4820E-03  2.4468E-03  2.0811E-03  2.1561E-03
  1.8654407850E+01  6.0171640099E-02  4.5076E-03  4.3898E-03  4.4562E-03  4.7846E-03  1.4631E-03  1.3610E-03  1.4178E-03  1.4923E-03  1.4907E-03  1.4968E-03  3.1285E-03  2.9755E-03  3.6704E-03  3.4726E-03  3.0982E-03  3.2853E-03  3.5860E-03  3.6577E-03  3.2254E-03  3.2121E-03
  1.9654407850E+01  5.8706071753E-02  4.3746E-03  4.3012E-03  4.3536E-03  4.6663E-03  1.4221E-03  1.3342E-03  1.3876E-03  1.4518E-03  1.4625E-03  1.4623E-03  3.0284E-03  2.9142E-03  3.5891E-03  3.4022E-03  3.0004E-03  3.1788E-03  3.4989E-03  3.5503E-03  3.1562E-03  3.1713E-03
  2.0654407850E+01  5.3574401044E-02  3.9374E-03  3.9291E-03  3.9863E-03  4.2947E-03  1.2688E-03  1.1947E-03  1.2405E-03  1.2913E-03  1.3853E-03  1.3507E-03  2.7051E-03  2.6308E-03  3.3232E-03  3.1192E-03  2.6946E-03  2.8571E-03  3.2219E-03  3.2143E-03  2.9155E-03  3.0140E-03
  2.1654407850E+01  5.9891564450E-02  4.2697E-03  4.5287E-03  4.4218E-03  4.8738E-03  1.3697E-03  1.3222E-03  1.3571E-03  1.3935E-03  1.6417E-03  1.4449E-03  2.9366E-03  2.9989E-03  3.8013E-03  3.4680E-03  2.9672E-03  3.1738E-03  3.7304E-03  3.5012E-03  3.1115E-03  3.5797E-03
  2.2654407850E+01  5.9264184110E-02  4.2628E-03  4.5997E-03  4.3355E-03  4.7967E-03  1.4015E-03  1.3678E-03  1.4099E-03  1.4362E-03  1.5518E-03  1.3227E-03  2.9395E-03  3.0486E-03  3.7616E-03  3.4114E-03  2.9638E-03  3.1607E-03  3.7324E-03  3.4361E-03  2.8907E-03  3.4347E-03
  2.3654407850E+01  5.9096360634E-02  4.2985E-03  4.6517E-03  4.3420E-03  4.7543E-03  1.4132E-03  1.3917E-03  1.4362E-03  1.4521E-03  1.4852E-03  1.2671E-03  2.9436E-03  3.0703E-03  3.7533E-03  3.4313E-03  2.9690E-03  3.1313E-03  3.7574E-03  3.4413E-03  2.7950E-03  3.3118E-03
  2.4654407850E+01  5.9056457474E-02  4.3853E-03  4.6879E-03  4.2847E-03  4.6115E-03  1.4901E-03  1.4730E-03  1.5409E-03  1.5498E-03  1.3682E-03  1.2098E-03  3.0732E-03  3.1768E-03  3.6021E-03  3.3433E-03  3.0667E-03  3.1801E-03  3.6979E-03  3.4207E-03  2.7582E-03  3.1363E-03
  2.5654407850E+01  6.0872421765E-02  4.5975E-03  4.8962E-03  4.3490E-03  4.6287E-03  1.5890E-03  1.5776E-03  1.6696E-03  1.6713E-03  1.3256E-03  1.1964E-03  3.2766E-03  3.3792E-03  3.5654E-03  3.3437E-03  3.2554E-03  3.3322E-03  3.7758E-03  3.5004E-03  2.8164E-03  3.1265E-03
  2.6654407850E+01  6.1155448784E-02  4.6415E-03  4.9405E-03  4.3504E-03  4.5927E-03  1.5873E-03  1.5802E-03  1.6817E-03  1.6769E-03  1.3390E-03  1.2311E-03  3.2987E-03  3.4000E-03  3.5085E-03  3.3185E-03  3.2848E-03  3.3333E-03  3.7795E-03  3.5076E-03  2.9191E-03  3.1841E-03
  2.7654407850E+01  8.7192538277E-02  6.7073E-03  7.0158E-03  6.3844E-03  6.5676E-03  2.1949E-03  2.2100E-03  2.3255E-03  2.3268E-03  1.7468E-03  1.6641E-03  4.7117E-03  4.8362E-03  5.1195E-03  5.0284E-03  4.7555E-03  4.8010E-03  5.5108E-03  5.2797E-03  3.8719E-03  4.1346E-03
  2.8654407850E+01  7.6464082175E-02  5.8316E-03  6.1436E-03  5.5991E-03  5.7234E-03  1.8906E-03  1.9063E-03  2.0153E-03  2.0008E-03  1.6578E-03  1.5997E-03  4.0688E-03  4.1719E-03  4.3783E-03  4.3212E-03  4.1059E-03  4.1039E-03  4.7494E-03  4.5179E-03  3.7354E-03  3.9433E-03
  2.9654407850E+01  7.3441881880E-02  5.6060E-03  5.8883E-03  5.4776E-03  5.5764E-03  1.7702E-03  1.7893E-03  1.8738E-03  1.8650E-03  1.6266E-03  1.5697E-03  3.8222E-03  3.8951E-03  4.2724E-03  4.2507E-03  3.8740E-03  3.8518E-03  4.5644E-03  4.3715E-03  3.6354E-03  3.8614E-03
  3.0654407850E+01  8.5714219636E-02  6.6595E-03  6.8898E-03  6.5633E-03  6.6152E-03  2.0548E-03  2.0767E-03  2.1524E-03  2.1472E-03  1.6291E-03  1.5936E-03  4.5218E-03  4.5651E-03  5.2892E-03  5.3158E-03  4.5783E-03  4.5339E-03  5.5493E-03  5.4164E-03  3.6810E-03  3.8819E-03
  3.1654407850E+01  8.1257871789E-02  6.3322E-03  6.4884E-03  6.2301E-03  6.2392E-03  1.9230E-03  1.9411E-03  2.0145E-03  2.0178E-03  1.6669E-03  1.6628E-03  4.2343E-03  4.2367E-03  4.8522E-03  4.9344E-03  4.2729E-03  4.2193E-03  5.0988E-03  5.0512E-03  3.8360E-03  4.0063E-03
  3.2654407850E+01  8.3253034752E-02  6.5069E-03  6.6112E-03  6.4244E-03  6.3725E-03  1.9506E-03  1.9707E-03  2.0444E-03  2.0500E-03  1.7436E-03  1.7789E-03  4.3263E-03  4.2963E-03  4.8865E-03  5.0460E-03  4.3539E-03  4.2735E-03  5.1313E-03  5.1626E-03  4.0997E-03  4.2237E-03
  3.3654407850E+01  8.3764404715E-02  6.5659E-03  6.6061E-03  6.4797E-03  6.3754E-03  1.9368E-03  1.9586E-03  2.0307E-03  2.0424E-03  1.8198E-03  1.8948E-03  4.3289E-03  4.2685E-03  4.8059E-03  5.0374E-03  4.3387E-03  4.2399E-03  5.0467E-03  5.1659E-03  4.3775E-03  4.4449E-03
  3.4654407850E+01  8.6287063791E-02  6.8181E-03  6.7712E-03  6.7105E-03  6.5552E-03  1.9715E-03  1.9922E-03  2.0592E-03  2.0826E-03  1.8925E-03  2.0103E-03  4.4421E-03  4.3419E-03  4.8968E-03  5.2023E-03  4.4307E-03  4.3194E-03  5.1243E-03  5.3486E-03  4.6552E-03  4.6625E-03
  3.5654407850E+01  8.4116553503E-02  6.6171E-03  6.6477E-03  6.5122E-03  6.4028E-03  1.9027E-03  1.9125E-03  1.9914E-03  1.9978E-03  1.9231E-03  2.0035E-03  4.2699E-03  4.1992E-03  4.7680E-03  5.0212E-03  4.2484E-03  4.1641E-03  4.9930E-03  5.1519E-03  4.6628E-03  4.7273E-03
  3.6654407850E+01  8.5198530449E-02  6.6920E-03  6.7568E-03  6.5895E-03  6.4971E-03  1.9085E-03  1.9119E-03  1.9964E-03  1.9953E-03  1.9938E-03  2.0742E-03  4.2814E-03  4.2313E-03  4.8098E-03  5.0532E-03  4.2466E-03  4.1865E-03  5.0293E-03  5.1719E-03  4.8649E-03  4.9081E-03
  3.7654407850E+01  9.1995670033E-02  6.9333E-03  7.4876E-03  6.9325E-03  7.1191E-03  2.0548E-03  2.0293E-03  2.2010E-03  2.1201E-03  2.3054E-03  2.1948E-03  4.4738E-03  4.6612E-03  5.3068E-03  5.2423E-03  4.5039E-03  4.6712E-03  5.6651E-03  5.3279E-03  5.2552E-03  5.5103E-03
  3.8654407850E+01  9.9018424643E-02  7.3760E-03  8.0627E-03  7.4012E-03  7.6626E-03  2.1805E-03  2.1437E-03  2.3340E-03  2.2445E-03  2.4453E-03  2.5208E-03  4.7063E-03  5.0893E-03  5.7442E-03  5.6081E-03  4.6958E-03  5.0705E-03  6.1209E-03  5.6819E-03  6.0846E-03  5.8456E-03
  3.9654407850E+01  9.1306312642E-02  7.0073E-03  7.4172E-03  6.9186E-03  7.1048E-03  1.9778E-03  1.9664E-03  2.0841E-03  2.0450E-03  2.2194E-03  2.4022E-03  4.2149E-03  4.5915E-03  5.3274E-03  5.2177E-03  4.1893E-03  4.5586E-03  5.5529E-03  5.3277E-03  5.8278E-03  5.3556E-03
  4.0654407850E+01  8.8535682941E-02  6.8979E-03  7.2287E-03  6.7650E-03  6.9231E-03  1.8960E-03  1.8863E-03  1.9765E-03  1.9597E-03  2.1499E-03  2.3991E-03  4.0056E-03  4.3763E-03  5.1492E-03  5.0696E-03  3.9708E-03  4.3358E-03  5.3214E-03  5.1783E-03  5.8204E-03  5.2259E-03
  4.1654407850E+01  8.9339069796E-02  6.9927E-03  7.3708E-03  6.8664E-03  7.0521E-03  1.9040E-03  1.8867E-03  1.9693E-03  1.9581E-03  2.1382E-03  2.4768E-03  3.9604E-03  4.4161E-03  5.1829E-03  5.0750E-03  3.9196E-03  4.3713E-03  5.3298E-03  5.1550E-03  6.0663E-03  5.2476E-03
  4.2654407850E+01  9.9892391790E-02  7.2260E-03  8.7451E-03  7.4283E-03  8.0770E-03  2.2135E-03  1.9548E-03  2.2429E-03  2.1433E-03  2.2743E-03  2.9509E-03  4.4891E-03  4.9509E-03  5.6544E-03  5.6915E-03  4.3458E-03  4.9822E-03  6.0989E-03  5.5095E-03  7.1076E-03  5.8063E-03
  4.3654407850E+01  1.5006316552E-01  9.5528E-03  1.0754E-02  9.6302E-03  1.0166E-02  2.5731E-03  2.3892E-03  2.7088E-03  2.6062E-03  5.7836E-03  6.1911E-03  5.6293E-03  5.8740E-03  7.8460E-03  7.7155E-03  5.7279E-03  6.1836E-03  8.4772E-03  7.7989E-03  1.6729E-02  1.5727E-02
  4.4654407850E+01  1.4129381011E-01  9.5612E-03  1.0158E-02  9.4959E-03  9.7171E-03  2.4112E-03  2.3156E-03  2.5198E-03  2.4542E-03  5.2126E-03  5.4280E-03  5.5399E-03  5.4600E-03  7.5923E-03  7.6201E-03  5.5124E-03  5.7166E-03  8.0109E-03  7.6076E-03  1.4771E-02  1.4190E-02
  4.5654407850E+01  1.5333550856E-01  1.0922E-02  1.0411E-02  1.0604E-02  1.0314E-02  2.4804E-03  2.5977E-03  2.6534E-03  2.6550E-03  5.8912E-03  5.6252E-03  6.0047E-03  6.0049E-03  8.2669E-03  8.3433E-03  6.1065E-03  6.0771E-03  8.2598E-03  8.5025E-03  1.5522E-02  1.6094E-02
  4.6654407850E+01  1.7445952528E-01  1.1426E-02  1.1317E-02  1.1213E-02  1.1212E-02  2.6305E-03  2.6836E-03  2.7620E-03  2.7733E-03  7.1035E-03  7.4382E-03  6.3580E-03  6.3526E-03  9.2404E-03  9.0129E-03  6.4406E-03  6.5566E-03  9.1874E-03  8.9999E-03  2.1557E-02  2.0196E-02
  4.7654407850E+01  1.7693270441E-01  1.1979E-02  1.1598E-02  1.1778E-02  1.1593E-02  2.7587E-03  2.8185E-03  2.8736E-03  2.8955E-03  7.3715E-03  6.7728E-03  6.7064E-03  6.6451E-03  9.2223E-03  9.2756E-03  6.8196E-03  6.8474E-03  8.9725E-03  9.1570E-03  1.9644E-02  2.1204E-02
  4.8654407850E+01  1.8029655137E-01  1.2662E-02  1.2211E-02  1.2395E-02  1.2244E-02  2.9997E-03  3.0604E-03  3.1037E-03  3.1426E-03  7.0401E-03  6.6486E-03  7.2034E-03  7.1436E-03  9.2591E-03  9.3345E-03  7.3161E-03  7.3481E-03  8.9311E-03  9.1443E-03  1.9090E-02  2.0020E-02
  4.9654407850E+01  1.7773756436E-01  1.3121E-02  1.2665E-02  1.2862E-02  1.2716E-02  3.1912E-03  3.2592E-03  3.2985E-03  3.3418E-03  6.3118E-03  5.9176E-03  7.5699E-03  7.5117E-03  9.1374E-03  9.2178E-03  7.7086E-03  7.7396E-03  8.7766E-03  8.9842E-03  1.6751E-02  1.7658E-02
  5.0654407850E+01  1.8049866989E-01  1.3540E-02  1.3260E-02  1.3378E-02  1.3312E-02  3.3651E-03  3.4402E-03  3.4843E-03  3.5143E-03  5.9688E-03  5.8270E-03  7.8113E-03  7.8400E-03  9.1821E-03  9.1963E-03  8.0409E-03  8.1395E-03  8.8081E-03  8.9317E-03  1.6654E-02  1.6805E-02
  5.1654407850E+01  1.8174178761E-01  1.3612E-02  1.3294E-02  1.3440E-02  1.3436E-02  3.5169E-03  3.5511E-03  3.6181E-03  3.6588E-03  6.0607E-03  5.9461E-03  7.9828E-03  7.9209E-03  9.0462E-03  9.1076E-03  8.2325E-03  8.2714E-03  8.6630E-03  8.8299E-03  1.6755E-02  1.6799E-02
  5.2654407850E+01  1.9665573752E-01  1.4999E-02  1.4641E-02  1.4823E-02  1.4795E-02  4.0728E-03  4.0885E-03  4.1830E-03  4.2314E-03  6.1745E-03  6.0508E-03  9.0383E-03  8.9404E-03  9.5747E-03  9.6128E-03  9.3560E-03  9.4300E-03  9.1354E-03  9.3441E-03  1.7022E-02  1.7143E-02
  5.3654407850E+01  2.0033649470E-01  1.4999E-02  1.4694E-02  1.5119E-02  1.5114E-02  4.3717E-03  4.3495E-03  4.4851E-03  4.5240E-03  6.1950E-03  6.1144E-03  9.5190E-03  9.3159E-03  9.6704E-03  9.7184E-03  9.9281E-03  9.9032E-03  9.1425E-03  9.3119E-03  1.6950E-02  1.6912E-02
  5.4654407850E+01  2.1036548788E-01  1.5600E-02  1.5497E-02  1.5830E-02  1.5915E-02  4.8167E-03  4.7732E-03  4.9491E-03  4.9606E-03  6.3711E-03  6.2380E-03  1.0301E-02  1.0004E-02  9.9942E-03  9.9962E-03  1.0768E-02  1.0624E-02  9.4803E-03  9.5621E-03  1.7298E-02  1.7389E-02
  5.5654407850E+01  2.2281700887E-01  1.6319E-02  1.6202E-02  1.6731E-02  1.6650E-02  5.1835E-03  5.1619E-03  5.3991E-03  5.3782E-03  6.6693E-03  6.6306E-03  1.0888E-02  1.0709E-02  1.0527E-02  1.0528E-02  1.1628E-02  1.1389E-02  1.0163E-02  1.0239E-02  1.8303E-02  1.8120E-02
  5.6654407850E+01  2.3164399503E-01  1.6793E-02  1.6811E-02  1.7456E-02  1.7388E-02  5.5177E-03  5.5332E-03  5.7522E-03  5.7013E-03  6.9032E-03  6.8564E-03  1.1369E-02  1.1259E-02  1.1073E-02  1.1089E-02  1.2130E-02  1.1788E-02  1.0596E-02  1.0694E-02  1.8496E-02  1.8437E-02
  5.7654407850E+01  2.3614987840E-01  1.7068E-02  1.7250E-02  1.7861E-02  1.8050E-02  5.8598E-03  5.8841E-03  6.0365E-03  5.9635E-03  6.9354E-03  6.8276E-03  1.1772E-02  1.1657E-02  1.1554E-02  1.1477E-02  1.2366E-02  1.1869E-02  1.0758E-02  1.0926E-02  1.7908E-02  1.8127E-02
  5.8654407850E+01  2.8327058159E-01  1.9931E-02  2.1880E-02  2.1162E-02  2.2830E-02  7.4728E-03  7.5089E-03  7.6895E-03  7.4514E-03  8.3506E-03  7.5689E-03  1.4288E-02  1.3308E-02  1.3962E-02  1.4125E-02  1.4816E-02  1.3108E-02  1.3008E-02  1.3475E-02  1.9133E-02  2.2203E-02
  5.9654407850E+01  2.5186269064E-01  1.8823E-02  1.7919E-02  1.9794E-02  1.8888E-02  6.0786E-03  6.2019E-03  6.2499E-03  6.2211E-03  7.2717E-03  7.6073E-03  1.2115E-02  1.2904E-02  1.3058E-02  1.2842E-02  1.2433E-02  1.2630E-02  1.2006E-02  1.1993E-02  1.9213E-02  1.7615E-02
  6.0654407850E+01  2.2819099177E-01  1.6864E-02  1.6198E-02  1.7711E-02  1.7143E-02  5.3414E-03  5.4482E-03  5.4600E-03  5.5024E-03  6.6898E-03  6.9632E-03  1.1252E-02  1.1794E-02  1.1809E-02  1.1778E-02  1.1482E-02  1.1707E-02  1.0773E-02  1.0983E-02  1.7249E-02  1.6044E-02
  6.1654407850E+01  2.5268693844E-01  1.7906E-02  1.7966E-02  1.8692E-02  1.8757E-02  3.9783E-03  4.0514E-03  4.0752E-03  4.0657E-03  5.3007E-03  5.3020E-03  1.0749E-02  1.0931E-02  2.1808E-02  2.1815E-02  1.0795E-02  1.0706E-02  2.1015E-02  2.1191E-02  1.1787E-02  1.1795E-02
  6.2654407850E+01  2.5530476833E-01  1.7998E-02  1.8151E-02  1.8722E-02  1.8710E-02  4.4592E-03  4.5618E-03  4.5599E-03  4.5901E-03  5.9690E-03  5.5491E-03  1.1070E-02  1.1459E-02  2.0446E-02  2.0535E-02  1.1184E-02  1.1336E-02  1.9867E-02  1.9768E-02  1.2413E-02  1.3958E-02
  6.3654407850E+01  3.0506668362E-01  2.1531E-02  2.1504E-02  2.2043E-02  2.1957E-02  5.3448E-03  5.4417E-03  5.4475E-03  5.5096E-03  7.0241E-03  7.1242E-03  1.2441E-02  1.2750E-02  2.4385E-02  2.4460E-02  1.2610E-02  1.2870E-02  2.3730E-02  2.3962E-02  1.7776E-02  1.7156E-02
  6.4654407850E+01  3.1896269291E-01  2.2580E-02  2.2878E-02  2.3198E-02  2.3062E-02  6.3548E-03  6.4358E-03  6.5126E-03  6.5870E-03  7.6032E-03  7.6236E-03  1.3984E-02  1.4026E-02  2.3096E-02  2.3418E-02  1.4219E-02  1.4435E-02  2.2799E-02  2.3036E-02  1.8685E-02  1.8429E-02
  6.5654407850E+01  2.7017061967E-01  1.8809E-02  1.9205E-02  1.9542E-02  1.9445E-02  5.3506E-03  4.8371E-03  5.4348E-03  5.0785E-03  6.7759E-03  7.3090E-03  1.4376E-02  1.1180E-02  1.8035E-02  1.9051E-02  1.4483E-02  1.2110E-02  1.7836E-02  1.8778E-02  1.5800E-02  1.6735E-02
  6.6654407850E+01  2.1116573696E-01  1.3806E-02  1.3426E-02  1.3988E-02  1.3727E-02  2.7705E-03  2.7967E-03  2.9527E-03  2.9878E-03  6.9114E-03  6.9451E-03  1.0204E-02  1.0115E-02  1.5039E-02  1.5187E-02  1.0955E-02  1.0912E-02  1.4733E-02  1.5071E-02  1.4368E-02  1.4272E-02
  6.7654407850E+01  2.2572802012E-01  1.4893E-02  1.4367E-02  1.5030E-02  1.4635E-02  2.8330E-03  2.8800E-03  3.0300E-03  3.0672E-03  7.8113E-03  7.8897E-03  1.1414E-02  1.1411E-02  1.5398E-02  1.5565E-02  1.2347E-02  1.2255E-02  1.5208E-02  1.5564E-02  1.5171E-02  1.4959E-02
  6.8654407850E+01  2.5022493965E-01  1.6767E-02  1.6162E-02  1.6949E-02  1.6489E-02  2.8430E-03  2.8986E-03  3.0482E-03  3.0833E-03  9.0735E-03  9.2125E-03  1.3374E-02  1.3416E-02  1.6573E-02  1.6784E-02  1.4495E-02  1.4252E-02  1.6615E-02  1.6971E-02  1.5697E-02  1.5522E-02
  6.9654407850E+01  3.0074103218E-01  1.8053E-02  2.2646E-02  1.8313E-02  2.3500E-02  3.0361E-03  2.8249E-03  3.2584E-03  3.0068E-03  1.2956E-02  1.0316E-02  1.4493E-02  1.9469E-02  2.1664E-02  1.7670E-02  1.5784E-02  2.0000E-02  2.2476E-02  1.8096E-02  1.6694E-02  1.6487E-02
  7.0654407850E+01  2.0016148027E-01  1.4099E-02  1.4034E-02  1.3076E-02  1.3318E-02  2.4804E-03  2.4704E-03  2.6702E-03  2.6318E-03  7.8109E-03  7.7026E-03  8.3690E-03  8.5559E-03  1.2762E-02  1.2141E-02  7.8540E-03  7.9352E-03  1.3830E-02  1.3605E-02  1.7543E-02  1.7272E-02
  7.1654407850E+01  2.1855329273E-01  1.5069E-02  1.4532E-02  1.5003E-02  1.6269E-02  2.6601E-03  2.6285E-03  2.7097E-03  2.6917E-03  8.4812E-03  8.7243E-03  8.0843E-03  7.8133E-03  1.4768E-02  1.3850E-02  8.7381E-03  9.2473E-03  1.3652E-02  1.4432E-02  2.0073E-02  1.9126E-02
  7.2654407850E+01  4.6187266788E-01  2.9282E-02  3.1279E-02  2.8489E-02  3.3753E-02  4.2889E-03  4.0712E-03  4.5649E-03  4.1067E-03  1.5589E-02  2.0147E-02  2.6105E-02  1.8437E-02  2.8392E-02  2.8828E-02  2.6544E-02  2.1138E-02  2.8304E-02  3.2163E-02  4.2377E-02  3.4012E-02
  7.3654407850E+01  2.7033534767E-01  1.8171E-02  1.8090E-02  2.0936E-02  1.7691E-02  3.3281E-03  3.2871E-03  3.2502E-03  3.4811E-03  1.1392E-02  1.0494E-02  1.1615E-02  1.2133E-02  1.6266E-02  1.7552E-02  1.2269E-02  1.1841E-02  1.8658E-02  1.6713E-02  2.0658E-02  2.2511E-02
  7.4654407850E+01  2.0888570423E-01  1.3528E-02  1.3370E-02  1.3541E-02  1.3555E-02  2.7526E-03  2.7017E-03  2.8448E-03  2.8411E-03  8.6939E-03  8.3135E-03  9.4725E-03  9.5846E-03  1.3488E-02  1.2941E-02  9.1586E-03  9.3634E-03  1.3768E-02  1.3228E-02  1.7761E-02  1.7979E-02
  7.5654407850E+01  2.2241305080E-01  1.4633E-02  1.3945E-02  1.3579E-02  1.4295E-02  2.8544E-03  2.7324E-03  2.8543E-03  2.9259E-03  8.9977E-03  8.4266E-03  1.0170E-02  1.0355E-02  1.4584E-02  1.3740E-02  9.3580E-03  9.8278E-03  1.4498E-02  1.4214E-02  2.0007E-02  2.0417E-02
  7.6654407850E+01  5.0423919575E-01  3.1195E-02  3.1463E-02  2.8177E-02  2.9496E-02  6.0922E-03  6.2749E-03  6.6290E-03  6.5789E-03  2.2494E-02  2.0744E-02  2.2210E-02  2.0804E-02  3.3581E-02  3.3007E-02  1.8865E-02  1.9239E-02  3.2851E-02  3.4470E-02  4.7398E-02  5.2668E-02
  7.7654407850E+01  3.0814940854E-01  1.7535E-02  1.8083E-02  1.6497E-02  1.6533E-02  3.6174E-03  3.6797E-03  3.9480E-03  3.8296E-03  1.1524E-02  1.0849E-02  1.6014E-02  1.7763E-02  1.9171E-02  1.6807E-02  1.4565E-02  1.6599E-02  1.9602E-02  1.7164E-02  3.2308E-02  3.2061E-02
  7.8654407850E+01  3.3282635281E-01  1.9558E-02  2.0281E-02  1.8288E-02  1.8594E-02  3.0911E-03  3.1159E-03  3.3173E-03  3.2694E-03  1.0583E-02  9.8534E-03  1.9450E-02  2.3054E-02  1.9189E-02  1.6431E-02  1.8374E-02  2.1740E-02  1.9988E-02  1.7005E-02  3.3626E-02  3.4016E-02
  7.9654407850E+01  2.8485038982E-01  1.5175E-02  1.4809E-02  1.5273E-02  1.4383E-02  3.4258E-03  3.2236E-03  3.6564E-03  3.6167E-03  8.7688E-03  1.0627E-02  1.9246E-02  1.6714E-02  1.1799E-02  1.5598E-02  1.9160E-02  1.6399E-02  1.3407E-02  1.7532E-02  3.0932E-02  3.1104E-02
  8.0654407850E+01  2.4312280097E-01  1.1220E-02  1.1056E-02  1.1638E-02  1.1000E-02  2.6264E-03  2.4011E-03  2.8076E-03  2.7219E-03  8.0703E-03  9.5664E-03  1.8890E-02  1.5593E-02  1.0167E-02  1.2906E-02  1.8926E-02  1.5259E-02  1.1877E-02  1.4777E-02  2.5818E-02  2.5803E-02
  8.1654407850E+01  3.3356413710E-01  1.3321E-02  1.4508E-02  1.2788E-02  1.3421E-02  2.8676E-03  2.5343E-03  2.6794E-03  2.7002E-03  1.2645E-02  1.4040E-02  2.4165E-02  2.1555E-02  2.2367E-02  2.3219E-02  2.4620E-02  2.2581E-02  2.0792E-02  2.2835E-02  2.8850E-02  3.1075E-02
  8.2654407850E+01  4.1758024883E-01  1.8473E-02  1.9551E-02  1.8011E-02  1.8943E-02  3.3770E-03  3.6195E-03  3.5638E-03  3.4064E-03  1.6382E-02  1.6260E-02  2.7418E-02  2.6872E-02  2.2781E-02  2.3756E-02  2.9101E-02  2.7558E-02  2.3277E-02  2.2662E-02  4.6758E-02  4.5812E-02
  8.3654407850E+01  9.8928490340E-01  4.4056E-02  4.5328E-02  4.5742E-02  4.7653E-02  6.3792E-03  7.5256E-03  7.2994E-03  7.9569E-03  4.0879E-02  4.8142E-02  5.2882E-02  4.6142E-02  6.5846E-02  7.3847E-02  6.0673E-02  5.4746E-02  6.6872E-02  7.3713E-02  1.0858E-01  8.5020E-02
  8.4654407850E+01  5.7283602665E-01  2.7235E-02  2.6725E-02  2.8339E-02  2.7618E-02  4.3451E-03  4.4599E-03  4.5523E-03  4.6429E-03  2.4990E-02  2.3286E-02  3.0799E-02  3.0994E-02  3.1668E-02  3.0616E-02  3.4789E-02  3.3385E-02  3.1215E-02  3.1171E-02  6.8865E-02  7.3143E-02
  8.5654407850E+01  4.8455857196E-01  2.0591E-02  2.1381E-02  2.0418E-02  2.0659E-02  3.8702E-03  4.1221E-03  4.2983E-03  4.2705E-03  1.4727E-02  1.7263E-02  3.6635E-02  3.7913E-02  3.2660E-02  3.8062E-02  3.9839E-02  3.8178E-02  3.3631E-02  3.8577E-02  2.7759E-02  2.9704E-02
  8.6654407850E+01  4.9738100433E-01  1.8650E-02  1.8489E-02  1.7425E-02  1.6588E-02  4.0265E-03  3.9725E-03  4.1498E-03  4.2455E-03  2.0246E-02  1.9847E-02  4.4235E-02  4.1516E-02  3.8600E-02  3.6106E-02  4.3453E-02  3.8874E-02  3.5972E-02  3.6955E-02  2.7241E-02  2.6789E-02
  8.7654407850E+01  3.6581157022E-01  1.4099E-02  1.4205E-02  1.3215E-02  1.3414E-02  3.2458E-03  3.2358E-03  3.3035E-03  3.4444E-03  1.3635E-02  1.4004E-02  3.2912E-02  3.2900E-02  2.5851E-02  2.6785E-02  3.1539E-02  3.1475E-02  2.6145E-02  2.5753E-02  1.8699E-02  1.7952E-02
  8.8654407850E+01  3.4779786951E-01  1.2314E-02  1.6800E-02  1.0629E-02  1.5430E-02  3.7461E-03  3.4857E-03  3.5324E-03  3.9361E-03  9.8069E-03  1.0326E-02  3.7755E-02  3.2085E-02  2.1480E-02  2.2295E-02  3.4826E-02  3.3207E-02  2.3558E-02  1.9315E-02  1.5538E-02  1.7733E-02
  8.9654407850E+01  2.0425574039E-01  6.8144E-03  7.9333E-03  5.7298E-03  7.4336E-03  2.1299E-03  2.2101E-03  2.0645E-03  2.1608E-03  6.2852E-03  6.2869E-03  2.1507E-02  2.1917E-02  1.4223E-02  1.3064E-02  1.9537E-02  2.0337E-02  1.4556E-02  1.2810E-02  8.3673E-03  8.8885E-03
  9.0654407850E+01  2.6441103221E-01  8.5013E-03  8.0608E-03  8.4250E-03  8.3082E-03  3.2477E-03  3.7757E-03  3.4408E-03  3.3703E-03  5.6496E-03  6.2257E-03  2.8128E-02  3.5313E-02  1.6528E-02  1.6631E-02  2.7948E-02  3.1576E-02  1.6390E-02  1.5704E-02  9.3747E-03  7.8144E-03
  9.1654407850E+01  5.6526966674E-01  2.4884E-02  2.3977E-02  2.4565E-02  2.3999E-02  7.9778E-03  8.3082E-03  8.1739E-03  8.2650E-03  6.9486E-03  7.2489E-03  7.3980E-02  7.6390E-02  2.1351E-02  2.2549E-02  7.2687E-02  7.6251E-02  2.1595E-02  2.2097E-02  1.7626E-02  1.6396E-02
  9.2654407850E+01  4.5961097128E-01  1.8786E-02  1.5966E-02  1.9004E-02  1.7383E-02  7.5134E-03  7.5222E-03  7.3377E-03  7.8308E-03  5.0512E-03  4.3536E-03  5.8735E-02  6.3149E-02  2.1689E-02  2.2424E-02  5.5962E-02  6.5923E-02  2.1111E-02  2.1753E-02  9.4195E-03  8.6966E-03
  9.3654407850E+01  2.2800703639E-01  1.4134E-02  1.3783E-02  1.4721E-02  1.2995E-02  3.3618E-03  4.0369E-03  3.6655E-03  3.8527E-03  1.9775E-03  2.4895E-03  1.8056E-02  2.3696E-02  1.2196E-02  1.1834E-02  2.0885E-02  2.1556E-02  1.1273E-02  1.2284E-02  1.1263E-02  9.9465E-03
  9.4654407850E+01  2.4450890870E-01  1.6745E-02  1.7016E-02  1.7128E-02  1.6724E-02  3.3838E-03  3.5473E-03  3.4505E-03  3.5831E-03  2.4076E-03  2.8340E-03  1.9892E-02  2.1329E-02  1.2142E-02  1.2626E-02  2.0566E-02  2.1075E-02  1.2215E-02  1.1924E-02  1.3217E-02  1.2703E-02
  9.5654407850E+01  3.7247972521E-01  2.8117E-02  2.3961E-02  2.9266E-02  2.3521E-02  5.2054E-03  5.2628E-03  5.3093E-03  5.1624E-03  3.0764E-03  3.9929E-03  3.3460E-02  3.5436E-02  1.4969E-02  1.7088E-02  3.4278E-02  3.4058E-02  1.4931E-02  1.6284E-02  2.0652E-02  1.8451E-02
  9.6654407850E+01  3.0022056991E-01  2.1991E-02  2.3838E-02  2.3992E-02  2.5809E-02  3.4454E-03  3.5240E-03  3.6648E-03  3.5026E-03  4.2218E-03  3.9901E-03  2.1924E-02  2.2937E-02  1.4843E-02  1.4706E-02  2.3520E-02  2.1947E-02  1.4708E-02  1.3824E-02  1.6671E-02  1.7163E-02
  9.7654407850E+01  6.9837959239E-01  5.5456E-02  5.6118E-02  5.0542E-02  4.9763E-02  7.7888E-03  1.0069E-02  7.5832E-03  9.6411E-03  4.3275E-03  4.3295E-03  6.2644E-02  7.7517E-02  2.2489E-02  2.5189E-02  6.0086E-02  7.4488E-02  2.3273E-02  2.6385E-02  3.4312E-02  3.6378E-02
  9.8654407850E+01  5.8830146705E-01  4.7179E-02  3.9296E-02  4.2913E-02  4.1444E-02  9.4470E-03  7.1898E-03  9.2394E-03  7.3877E-03  4.6786E-03  1.9655E-03  7.1970E-02  4.9553E-02  2.3588E-02  1.8540E-02  6.6719E-02  5.0231E-02  2.3571E-02  1.9518E-02  2.9059E-02  2.4810E-02
  9.9654407850E+01  2.8799996035E-01  1.9691E-02  1.6955E-02  2.0005E-02  1.6398E-02  5.3809E-03  3.9915E-03  5.3920E-03  3.8180E-03  2.1925E-04  7.2532E-04  3.9054E-02  3.0079E-02  9.0973E-03  8.1019E-03  3.8221E-02  2.7887E-02  9.3062E-03  8.5242E-03  1.3928E-02  1.1225E-02
  1.0065440785E+02  5.1783725505E-02  2.3644E-03  2.2841E-03  2.3802E-03  2.3150E-03  1.0555E-03  1.0179E-03  1.0821E-03  1.0613E-03  9.1085E-05  7.5979E-05  6.7317E-03  6.4899E-03  2.5366E-03  2.4513E-03  6.6934E-03  6.6641E-03  2.4897E-03  2.3648E-03  8.3600E-04  7.9852E-04
  1.0165440785E+02  1.1339800151E-01  4.5284E-03  3.6873E-03  4.3201E-03  3.8336E-03  2.3210E-03  1.9918E-03  2.1543E-03  2.2780E-03  5.4229E-04  4.0912E-04  1.6108E-02  1.2593E-02  6.8644E-03  6.1610E-03  1.3702E-02  1.4988E-02  6.9046E-03  5.7409E-03  2.4658E-03  1.8041E-03
  1.0265440785E+02  2.1889279181E-01  6.3395E-03  5.9579E-03  6.1353E-03  5.9422E-03  4.0680E-03  3.9069E-03  3.8166E-03  3.8505E-03  1.9269E-03  1.7953E-03  3.2213E-02  3.0308E-02  1.2243E-02  1.0962E-02  2.9883E-02  2.9780E-02  1.2053E-02  1.0871E-02  3.5673E-03  3.2745E-03
  1.0365440785E+02  1.2051318747E-01  3.7260E-03  3.7350E-03  3.7674E-03  3.6398E-03  2.2403E-03  2.3127E-03  2.3157E-03  2.2822E-03  1.0346E-03  9.3006E-04  1.6248E-02  1.6513E-02  7.0169E-03  6.3239E-03  1.5645E-02  1.4995E-02  6.8892E-03  6.2218E-03  2.4007E-03  2.2763E-03
  1.0465440785E+02  1.5674188058E-01  2.2011E-03  2.9625E-03  2.2986E-03  2.8689E-03  3.1287E-03  3.3581E-03  3.1851E-03  3.2741E-03  7.2988E-04  5.0465E-04  2.4867E-02  2.6389E-02  7.1193E-03  6.9317E-03  2.4953E-02  2.4762E-02  7.0777E-03  6.9808E-03  1.3844E-03  1.7648E-03
  1.0565440785E+02  1.3794283265E-01  1.6504E-03  1.7966E-03  1.6763E-03  1.7950E-03  2.9843E-03  3.0125E-03  2.9605E-03  3.0016E-03  4.3502E-04  3.7797E-04  2.2419E-02  2.2222E-02  6.9166E-03  6.8623E-03  2.1830E-02  2.1810E-02  7.0017E-03  6.9533E-03  1.0912E-03  1.1461E-03
  1.0665440785E+02  1.0729210059E-01  1.5280E-03  1.6425E-03  1.5787E-03  1.6550E-03  2.2995E-03  2.3411E-03  2.3071E-03  2.3331E-03  4.0306E-04  3.6055E-04  1.5561E-02  1.5501E-02  6.6497E-03  6.6711E-03  1.5379E-02  1.5299E-02  6.7161E-03  6.7097E-03  1.1765E-03  1.1807E-03
  1.0765440785E+02  9.6659502270E-02  1.6172E-03  1.7338E-03  1.6694E-03  1.7389E-03  2.0443E-03  2.0785E-03  2.0429E-03  2.0637E-03  4.4298E-04  4.0244E-04  1.2787E-02  1.2661E-02  6.8015E-03  6.8180E-03  1.2617E-02  1.2541E-02  6.8915E-03  6.8873E-03  1.4194E-03  1.4023E-03
  1.0865440785E+02  9.7417187455E-02  1.7740E-03  1.8779E-03  1.8338E-03  1.8728E-03  2.0192E-03  2.0561E-03  2.0201E-03  2.0349E-03  5.0403E-04  4.5844E-04  1.2338E-02  1.2177E-02  7.0736E-03  7.1279E-03  1.2238E-02  1.2133E-02  7.1979E-03  7.2217E-03  1.7788E-03  1.6802E-03
  1.0965440785E+02  9.4676189433E-02  1.9169E-03  2.0326E-03  1.9762E-03  2.0229E-03  1.9298E-03  1.9526E-03  1.9231E-03  1.9313E-03  5.6500E-04  5.0635E-04  1.1089E-02  1.0831E-02  7.3667E-03  7.3505E-03  1.1008E-02  1.0913E-02  7.5076E-03  7.4855E-03  2.2503E-03  2.1175E-03
  1.1065440785E+02  9.7181548239E-02  2.1234E-03  2.2390E-03  2.1908E-03  2.2253E-03  1.9506E-03  1.9638E-03  1.9444E-03  1.9496E-03  6.4104E-04  5.6668E-04  1.0683E-02  1.0356E-02  7.8084E-03  7.7403E-03  1.0690E-02  1.0609E-02  7.9581E-03  7.9154E-03  2.9259E-03  2.7007E-03
  1.1165440785E+02  1.0057258710E-01  2.3670E-03  2.4716E-03  2.4267E-03  2.4771E-03  2.0046E-03  1.9806E-03  1.9876E-03  1.9857E-03  7.1916E-04  6.1318E-04  1.0286E-02  9.7984E-03  8.3517E-03  8.1586E-03  1.0352E-02  1.0271E-02  8.4919E-03  8.3974E-03  3.8662E-03  3.5660E-03
  1.1265440785E+02  2.6181377177E-01  8.4773E-03  9.2272E-03  8.5744E-03  9.2655E-03  3.1635E-03  3.0440E-03  3.0533E-03  3.0183E-03  3.9529E-03  3.6033E-03  1.8333E-02  1.8038E-02  3.2126E-02  3.0260E-02  1.7068E-02  1.7490E-02  2.9967E-02  2.8478E-02  7.3082E-03  7.3672E-03
  1.1365440785E+02  2.4324174633E-01  5.0956E-03  1.0755E-02  5.1812E-03  1.0703E-02  3.4384E-03  2.8894E-03  3.2808E-03  2.9654E-03  4.0229E-03  1.8371E-03  1.4464E-02  1.6635E-02  3.7355E-02  1.9100E-02  1.3313E-02  1.6645E-02  3.5924E-02  1.9109E-02  8.8132E-03  1.1715E-02
  1.1465440785E+02  4.6592049294E-01  1.8948E-02  1.3918E-02  1.8861E-02  1.4697E-02  4.8137E-03  5.0434E-03  4.6783E-03  5.1015E-03  4.1372E-03  5.8220E-03  2.0853E-02  2.0385E-02  5.0095E-02  6.8151E-02  2.0803E-02  1.9429E-02  5.0906E-02  6.8637E-02  2.6923E-02  2.3718E-02
  1.1565440785E+02  4.0594700139E-01  7.3069E-03  6.9474E-03  7.4326E-03  7.0902E-03  8.8930E-03  9.0668E-03  9.2193E-03  8.6275E-03  1.9632E-03  2.0979E-03  2.7474E-02  3.0558E-02  3.8306E-02  3.8506E-02  2.9484E-02  2.6513E-02  3.9728E-02  3.8893E-02  3.3578E-02  3.4262E-02
  1.1665440785E+02  4.1896398299E-01  6.2988E-03  6.4740E-03  7.1763E-03  6.9453E-03  1.0950E-02  1.1255E-02  1.3710E-02  1.4166E-02  2.6721E-03  2.7596E-03  3.4639E-02  3.3481E-02  3.0743E-02  3.1506E-02  3.6769E-02  3.7184E-02  2.9832E-02  3.1363E-02  3.6604E-02  3.4437E-02
  1.1765440785E+02  2.3244135200E-01  5.6292E-03  5.6781E-03  5.3627E-03  5.6985E-03  5.8590E-03  5.5913E-03  5.8359E-03  5.6883E-03  2.4297E-03  2.1870E-03  2.8573E-02  2.8066E-02  1.6397E-02  1.7605E-02  2.7540E-02  2.7215E-02  1.6546E-02  1.7280E-02  1.7383E-03  1.5205E-03
  1.1865440785E+02  3.3637335894E-01  8.6415E-03  8.7275E-03  8.4088E-03  8.8584E-03  8.6666E-03  8.4533E-03  8.1513E-03  8.3064E-03  3.4008E-03  2.8989E-03  4.1263E-02  4.1473E-02  2.3677E-02  2.2786E-02  3.9396E-02  4.0765E-02  2.4230E-02  2.3643E-02  2.0731E-03  2.5529E-03
  1.1965440785E+02  4.6461862699E-01  1.3360E-02  1.2868E-02  1.3683E-02  1.3430E-02  1.2490E-02  1.1246E-02  1.1922E-02  1.2046E-02  6.7737E-03  6.2419E-03  5.3445E-02  5.0528E-02  3.2334E-02  3.0549E-02  5.1028E-02  5.1215E-02  3.1341E-02  3.3240E-02  8.4234E-03  8.4540E-03
  1.2065440785E+02  4.9402778609E-01  1.1910E-02  1.1930E-02  1.2488E-02  1.2194E-02  1.1346E-02  1.1304E-02  1.1686E-02  1.1627E-02  7.2859E-03  7.0239E-03  5.4863E-02  5.5360E-02  3.5246E-02  3.4869E-02  5.4783E-02  5.5161E-02  3.5629E-02  3.6336E-02  1.1086E-02  1.1898E-02
  1.2165440785E+02  5.8074485289E-01  1.5140E-02  1.5078E-02  1.5169E-02  1.4572E-02  1.1553E-02  1.2138E-02  1.2020E-02  1.1641E-02  7.1827E-03  7.3731E-03  6.3607E-02  6.3214E-02  4.3659E-02  4.4088E-02  6.4298E-02  6.2871E-02  4.4662E-02  4.4952E-02  1.3345E-02  1.4182E-02
  1.2265440785E+02  4.6885968441E-01  1.2101E-02  1.2629E-02  1.3232E-02  1.2667E-02  1.3323E-02  1.3035E-02  1.4035E-02  1.2464E-02  8.0483E-03  7.9903E-03  5.2153E-02  5.2946E-02  2.8635E-02  3.1077E-02  5.5130E-02  5.2193E-02  3.0273E-02  2.8343E-02  9.0110E-03  9.5724E-03
  1.2365440785E+02  3.0316590951E-01  9.7010E-03  1.0366E-02  1.0051E-02  1.0152E-02  6.9830E-03  7.8055E-03  6.8021E-03  7.3802E-03  7.5244E-03  7.7759E-03  2.8200E-02  2.9687E-02  2.1240E-02  2.1912E-02  2.8451E-02  2.9309E-02  2.1014E-02  2.0693E-02  8.8473E-03  9.2719E-03
  1.2465440785E+02  3.0621490455E-01  1.1996E-02  1.2603E-02  1.1889E-02  1.2745E-02  5.6007E-03  6.0630E-03  5.3414E-03  5.8327E-03  8.1891E-03  8.0339E-03  2.6330E-02  2.8012E-02  2.2539E-02  2.2436E-02  2.6213E-02  2.7951E-02  2.2178E-02  2.1685E-02  9.8417E-03  1.0735E-02
  1.2565440785E+02  4.3466211294E-01  2.1753E-02  2.4767E-02  2.1932E-02  2.3729E-02  5.5026E-03  5.9281E-03  6.5555E-03  6.9948E-03  1.2201E-02  1.2330E-02  3.5363E-02  3.6973E-02  3.1455E-02  2.9836E-02  3.6366E-02  3.5845E-02  3.0949E-02  2.7888E-02  1.3247E-02  1.5047E-02
  1.2665440785E+02  5.3044651886E-01  4.5258E-02  3.6270E-02  4.5302E-02  3.9222E-02  5.9185E-03  5.8984E-03  6.4932E-03  6.4585E-03  9.7235E-03  1.0221E-02  4.2861E-02  4.0850E-02  2.9736E-02  3.4757E-02  4.3932E-02  4.1999E-02  2.9338E-02  3.4641E-02  1.1743E-02  9.8235E-03
  1.2765440785E+02  3.0781862998E-01  1.1538E-02  1.0788E-02  1.3078E-02  1.3270E-02  5.1834E-03  5.5469E-03  6.1166E-03  6.2314E-03  9.8596E-03  1.0362E-02  2.7082E-02  2.8708E-02  1.9979E-02  2.1679E-02  2.8611E-02  2.6117E-02  2.4325E-02  2.4470E-02  7.4925E-03  7.3783E-03
  1.2865440785E+02  5.7831991717E-01  1.3541E-02  1.3031E-02  1.3680E-02  1.3356E-02  7.2490E-03  8.0858E-03  7.1235E-03  7.8576E-03  1.1196E-02  1.2921E-02  7.3798E-02  6.3228E-02  3.9265E-02  4.6737E-02  6.6624E-02  5.7719E-02  4.9526E-02  5.8012E-02  7.4932E-03  7.8773E-03
  1.2965440785E+02  5.3154167766E-01  1.7465E-02  1.7675E-02  1.1608E-02  1.1902E-02  9.1585E-03  9.1491E-03  6.4227E-03  7.0638E-03  1.2356E-02  1.1767E-02  5.8143E-02  5.7860E-02  4.7072E-02  4.4203E-02  5.0171E-02  5.6046E-02  3.9108E-02  4.0428E-02  1.1905E-02  1.2037E-02
  1.3065440785E+02  4.2574243920E-01  1.1846E-02  1.1011E-02  1.0854E-02  9.9582E-03  8.1516E-03  7.9600E-03  7.3094E-03  6.9407E-03  6.9478E-03  8.0373E-03  4.4143E-02  4.7673E-02  3.7972E-02  3.3154E-02  4.3468E-02  4.6343E-02  3.2998E-02  3.0046E-02  9.8594E-03  1.1070E-02
  1.3165440785E+02  1.7383563275E-01  5.9233E-03  6.0782E-03  6.0784E-03  5.5304E-03  2.6948E-03  2.7201E-03  2.7438E-03  2.4670E-03  2.6722E-03  2.7948E-03  1.7917E-02  1.7829E-02  1.5811E-02  1.3626E-02  1.7200E-02  1.8322E-02  1.3826E-02  1.4755E-02  2.4353E-03  2.4101E-03
  1.3265440785E+02  2.9672215996E-01  2.5192E-02  2.7524E-02  2.5123E-02  2.5642E-02  2.9007E-03  2.8691E-03  2.5557E-03  2.8432E-03  4.5771E-03  3.8682E-03  1.6195E-02  2.0723E-02  2.1123E-02  2.5874E-02  1.9265E-02  1.7030E-02  2.6072E-02  2.1090E-02  3.2681E-03  2.9865E-03
  1.3365440785E+02  2.2684619229E-01  2.6754E-02  2.7502E-02  2.5758E-02  2.6368E-02  2.0927E-03  2.1644E-03  1.8328E-03  1.9346E-03  1.0071E-02  9.7888E-03  8.2158E-03  8.0132E-03  1.3238E-02  1.3355E-02  7.6551E-03  7.8241E-03  1.2976E-02  1.3153E-02  4.2498E-03  3.8999E-03
  1.3465440785E+02  1.6529519805E-01  1.8620E-02  1.8403E-02  1.8219E-02  1.7929E-02  2.1284E-03  2.0638E-03  1.9448E-03  1.9532E-03  5.7400E-03  6.2705E-03  7.0894E-03  6.8756E-03  9.4070E-03  9.4438E-03  6.2953E-03  6.5804E-03  9.2137E-03  9.3519E-03  4.0104E-03  3.7569E-03
  1.3565440785E+02  1.5594237569E-01  1.6861E-02  1.6006E-02  1.6576E-02  1.5724E-02  2.3544E-03  2.2082E-03  2.1884E-03  2.1538E-03  5.3088E-03  6.4162E-03  7.6725E-03  7.4776E-03  8.2000E-03  8.0800E-03  6.8451E-03  7.2523E-03  8.0164E-03  7.9949E-03  4.3909E-03  4.2165E-03
  1.3665440785E+02  1.6256045926E-01  1.6596E-02  1.6441E-02  1.6385E-02  1.6241E-02  2.6528E-03  2.5316E-03  2.5183E-03  2.5165E-03  6.4757E-03  6.8199E-03  8.8250E-03  8.3157E-03  7.6063E-03  7.5745E-03  8.0701E-03  8.2587E-03  7.3945E-03  7.4648E-03  5.0946E-03  4.7782E-03
  1.3765440785E+02  1.8843220726E-01  1.8585E-02  1.8346E-02  1.8399E-02  1.8184E-02  3.2480E-03  3.0656E-03  3.1628E-03  3.1125E-03  8.7162E-03  9.1280E-03  1.1298E-02  1.0607E-02  7.3448E-03  7.2346E-03  1.0757E-02  1.0836E-02  7.0994E-03  7.0707E-03  6.2999E-03  5.9379E-03
  1.3865440785E+02  3.2632236764E-01  3.1479E-02  3.0979E-02  3.1293E-02  3.0936E-02  5.8187E-03  5.5231E-03  5.8813E-03  5.7180E-03  1.9256E-02  2.0039E-02  2.1208E-02  2.0501E-02  8.1667E-03  7.8550E-03  2.1207E-02  2.1027E-02  7.8512E-03  7.5901E-03  1.2336E-02  1.1657E-02
  1.3965440785E+02  1.8417990017E-01  1.5995E-02  1.5245E-02  1.6004E-02  1.5590E-02  3.5022E-03  3.1264E-03  3.5167E-03  3.2751E-03  9.7204E-03  1.0809E-02  9.7455E-03  9.2614E-03  8.5340E-03  8.0361E-03  9.4903E-03  9.2462E-03  8.1610E-03  7.7563E-03  9.0184E-03  8.1476E-03
  1.4065440785E+02  1.4825384023E-01  1.3058E-02  1.1962E-02  1.2990E-02  1.2533E-02  2.9742E-03  2.4952E-03  2.9676E-03  2.6470E-03  7.4711E-03  9.0528E-03  7.0821E-03  6.8862E-03  7.5449E-03  6.7719E-03  6.8982E-03  6.7431E-03  7.1857E-03  6.6137E-03  7.7138E-03  6.6639E-03
  1.4165440785E+02  1.2357767790E-01  9.8010E-03  1.0116E-02  9.8438E-03  1.0661E-02  2.0123E-03  2.3333E-03  2.0780E-03  2.4457E-03  7.9886E-03  5.4212E-03  5.8245E-03  5.3813E-03  6.1903E-03  6.9075E-03  5.7155E-03  5.1461E-03  5.9554E-03  6.6452E-03  6.0922E-03  7.0187E-03
  1.4265440785E+02  2.1637467249E-01  1.3690E-02  1.4079E-02  1.3838E-02  1.4383E-02  4.3893E-03  4.5169E-03  4.4799E-03  4.6257E-03  8.9239E-03  7.4130E-03  7.2263E-03  6.8443E-03  1.6037E-02  1.6520E-02  7.1861E-03  6.7051E-03  1.5824E-02  1.6148E-02  1.6757E-02  1.6790E-02
  1.4365440785E+02  2.2066678437E-01  1.3658E-02  1.3950E-02  1.3740E-02  1.4091E-02  4.2314E-03  4.2868E-03  4.2937E-03  4.3543E-03  7.7441E-03  7.3326E-03  6.5303E-03  7.1917E-03  1.7136E-02  1.7585E-02  7.1001E-03  6.2917E-03  1.7648E-02  1.6688E-02  1.8630E-02  1.8184E-02
  1.4465440785E+02  2.4916586732E-01  1.5355E-02  1.5848E-02  1.5497E-02  1.5756E-02  4.4126E-03  4.3656E-03  4.4085E-03  4.4664E-03  7.4182E-03  7.2162E-03  7.5823E-03  6.9295E-03  2.0849E-02  1.9876E-02  6.8483E-03  7.2429E-03  2.0304E-02  2.0189E-02  2.2448E-02  2.2152E-02
  1.4565440785E+02  2.5883718307E-01  1.6534E-02  1.6006E-02  1.6663E-02  1.5954E-02  4.1125E-03  4.1160E-03  4.2408E-03  4.0805E-03  6.7991E-03  6.6922E-03  8.4630E-03  7.8300E-03  2.0330E-02  2.1534E-02  7.6868E-03  8.1241E-03  2.0206E-02  2.1525E-02  2.5146E-02  2.2795E-02
  1.4665440785E+02  2.2719141123E-01  1.3521E-02  1.3333E-02  1.3810E-02  1.3582E-02  3.5958E-03  3.6152E-03  3.6609E-03  3.6200E-03  6.7278E-03  6.7946E-03  1.0687E-02  1.0425E-02  1.5761E-02  1.6142E-02  1.0256E-02  1.0381E-02  1.5589E-02  1.6028E-02  2.0462E-02  1.9202E-02
  1.4765440785E+02  1.9233970430E-01  1.1567E-02  1.1354E-02  1.1938E-02  1.1684E-02  3.1523E-03  3.2438E-03  3.1554E-03  3.2188E-03  6.5885E-03  6.8463E-03  7.9409E-03  7.9614E-03  1.3504E-02  1.3819E-02  7.5818E-03  7.8014E-03  1.3306E-02  1.3664E-02  1.7445E-02  1.6568E-02
  1.4865440785E+02  2.6642711981E-01  1.5487E-02  1.5281E-02  1.6247E-02  1.5717E-02  5.0711E-03  5.4071E-03  4.7221E-03  5.0217E-03  1.2686E-02  1.3217E-02  8.5999E-03  8.9593E-03  1.8807E-02  1.9386E-02  8.0500E-03  8.5635E-03  1.8167E-02  1.8950E-02  2.4240E-02  2.3848E-02
  1.4965440785E+02  1.6283830143E-01  1.0796E-02  1.0778E-02  1.1819E-02  1.1549E-02  2.7286E-03  2.8716E-03  2.9227E-03  3.0742E-03  5.8746E-03  6.0307E-03  5.9583E-03  6.1808E-03  1.0251E-02  1.0578E-02  5.7774E-03  6.0970E-03  1.0112E-02  1.0749E-02  1.4548E-02  1.4143E-02
  1.5065440785E+02  1.2944685423E-01  8.8708E-03  9.2433E-03  9.5919E-03  9.5545E-03  2.0753E-03  2.0509E-03  2.0920E-03  2.2633E-03  6.1473E-03  5.9040E-03  4.4734E-03  4.6807E-03  7.7624E-03  7.3655E-03  4.3626E-03  4.6522E-03  7.1821E-03  7.9610E-03  1.1408E-02  1.1805E-02
  1.5165440785E+02  1.1202249894E-01  7.7485E-03  8.8313E-03  8.3573E-03  9.0238E-03  1.7284E-03  1.6308E-03  1.7668E-03  1.7538E-03  7.1427E-03  5.9236E-03  3.5147E-03  3.7968E-03  6.3682E-03  5.2929E-03  3.5104E-03  3.6929E-03  6.0145E-03  5.6058E-03  8.8368E-03  1.1482E-02
  1.5265440785E+02  1.5614089694E-01  1.3951E-02  1.1474E-02  1.4296E-02  1.1484E-02  3.8657E-03  2.4696E-03  3.7626E-03  2.6545E-03  8.9880E-03  1.0636E-02  4.7952E-03  4.2465E-03  4.6781E-03  6.6799E-03  4.2464E-03  4.2134E-03  5.5956E-03  5.7255E-03  1.6682E-02  1.5697E-02
  1.5365440785E+02  1.8016772051E-01  1.5837E-02  1.4002E-02  1.6657E-02  1.4623E-02  3.9684E-03  2.4486E-03  3.7691E-03  2.7979E-03  1.4235E-02  1.5083E-02  4.4040E-03  4.0230E-03  5.0041E-03  5.3138E-03  3.9005E-03  3.9729E-03  5.3606E-03  5.4459E-03  1.9568E-02  1.9754E-02
  1.5465440785E+02  5.6890612401E-01  4.7843E-02  5.2395E-02  4.7623E-02  5.2467E-02  1.2986E-02  1.4547E-02  1.3357E-02  1.4374E-02  3.1964E-02  2.8808E-02  9.4445E-03  9.9873E-03  3.6281E-02  3.3948E-02  9.1749E-03  9.0530E-03  3.7222E-02  3.5072E-02  3.4826E-02  3.7533E-02
  1.5565440785E+02  4.6252820598E-01  4.2198E-02  4.6594E-02  3.9557E-02  4.4462E-02  8.9521E-03  1.0003E-02  9.5179E-03  1.0174E-02  3.0130E-02  2.9363E-02  1.1458E-02  1.2366E-02  2.5888E-02  2.2138E-02  1.0927E-02  1.1378E-02  2.6121E-02  2.2757E-02  2.4086E-02  2.4457E-02
  1.5665440785E+02  3.0771514333E-01  3.1693E-02  3.0787E-02  2.9683E-02  3.0084E-02  4.9958E-03  5.3589E-03  5.3055E-03  5.6191E-03  1.7706E-02  2.2434E-02  7.3249E-03  8.0055E-03  1.7361E-02  1.6283E-02  6.6645E-03  7.1767E-03  1.7255E-02  1.6899E-02  1.4457E-02  1.2622E-02
  1.5765440785E+02  1.9131769428E-01  2.0996E-02  1.9502E-02  1.9812E-02  1.9639E-02  2.6444E-03  2.7596E-03  2.6634E-03  2.8136E-03  1.1064E-02  1.4080E-02  6.8770E-03  6.8022E-03  1.0278E-02  9.1436E-03  6.0483E-03  6.4826E-03  9.7888E-03  8.9160E-03  6.3318E-03  4.6749E-03
  1.5865440785E+02  2.4861523797E-01  2.7083E-02  3.0636E-02  2.5751E-02  2.7594E-02  3.2725E-03  3.4129E-03  3.3462E-03  3.1478E-03  1.8808E-02  1.4981E-02  8.2700E-03  8.3637E-03  1.1246E-02  1.0418E-02  7.4906E-03  7.2601E-03  1.1468E-02  1.0111E-02  7.1434E-03  8.8115E-03
  1.5965440785E+02  4.0590903723E-01  4.6256E-02  4.4474E-02  5.0092E-02  4.3960E-02  4.3072E-03  4.6970E-03  4.9456E-03  4.3116E-03  2.8210E-02  3.2278E-02  1.2244E-02  1.2608E-02  1.2692E-02  1.3823E-02  1.4681E-02  1.2674E-02  1.2192E-02  1.3074E-02  1.9837E-02  1.8552E-02
  1.6065440785E+02  6.7019663173E-01  6.0111E-02  8.5895E-02  7.9513E-02  9.3660E-02  6.4100E-03  7.3897E-03  7.2565E-03  7.7952E-03  4.3606E-02  3.3418E-02  1.4922E-02  2.3902E-02  3.0114E-02  2.4694E-02  2.3209E-02  2.5748E-02  2.6635E-02  1.9134E-02  2.8876E-02  2.7907E-02
  1.6165440785E+02  3.0374886121E-01  3.9083E-02  3.0311E-02  3.6201E-02  3.2254E-02  4.1488E-03  4.1104E-03  4.3590E-03  4.2031E-03  1.4817E-02  1.6256E-02  1.1094E-02  8.7915E-03  1.0640E-02  1.0847E-02  1.0419E-02  9.9252E-03  9.5877E-03  1.1345E-02  1.8586E-02  1.6771E-02
  1.6265440785E+02  2.0835608778E-01  2.4522E-02  2.2620E-02  2.2890E-02  2.0874E-02  3.5111E-03  3.6230E-03  3.6280E-03  3.7248E-03  1.1866E-02  1.1487E-02  4.9541E-03  5.0625E-03  7.8685E-03  8.1097E-03  5.0738E-03  4.7663E-03  7.9272E-03  8.3583E-03  1.3732E-02  1.3758E-02
  1.6365440785E+02  1.9446315367E-01  2.2588E-02  2.1109E-02  2.0728E-02  1.9462E-02  3.7355E-03  3.6391E-03  3.7959E-03  3.9065E-03  1.1519E-02  1.0739E-02  3.8339E-03  3.9900E-03  7.9825E-03  8.1695E-03  4.0492E-03  3.6990E-03  7.9293E-03  8.3727E-03  1.2928E-02  1.2288E-02
  1.6465440785E+02  3.2312427109E-01  3.3980E-02  3.2813E-02  3.0768E-02  3.0459E-02  7.4520E-03  7.6250E-03  7.4934E-03  8.0974E-03  1.4581E-02  1.3910E-02  5.4134E-03  4.8698E-03  1.9679E-02  2.0513E-02  5.3379E-03  4.8152E-03  1.9277E-02  2.0389E-02  1.6861E-02  1.8789E-02
  1.6565440785E+02  7.8884507860E-01  8.6037E-02  8.2168E-02  8.5968E-02  7.3436E-02  1.9371E-02  2.3978E-02  2.0901E-02  2.3924E-02  1.0904E-02  1.5828E-02  7.1521E-03  5.4016E-03  3.0019E-02  4.5788E-02  7.3816E-03  5.1083E-03  3.7605E-02  4.5062E-02  8.2111E-02  8.0702E-02
  1.6665440785E+02  6.1131495826E-01  5.4439E-02  6.4742E-02  5.3848E-02  6.3631E-02  3.7901E-02  3.1013E-02  3.9729E-02  3.1586E-02  1.9742E-02  1.3720E-02  4.8170E-03  7.0573E-03  4.2772E-02  2.0487E-02  5.6064E-03  7.2584E-03  4.3613E-02  2.1115E-02  2.1882E-02  2.6354E-02
  1.6765440785E+02  3.6271063369E-01  3.3313E-02  3.4728E-02  3.3376E-02  3.5064E-02  1.9861E-02  1.9304E-02  2.0946E-02  2.0541E-02  1.2575E-02  1.1911E-02  3.9204E-03  4.2689E-03  1.7720E-02  1.5445E-02  4.2972E-03  4.6490E-03  1.7873E-02  1.5574E-02  1.8974E-02  1.8371E-02
  1.6865440785E+02  3.6216760885E-01  2.6710E-02  3.2076E-02  2.8373E-02  3.3893E-02  1.6968E-02  1.6528E-02  1.7867E-02  1.8234E-02  2.0791E-02  2.2814E-02  3.7495E-03  4.5113E-03  1.7327E-02  1.2759E-02  4.0516E-03  4.9891E-03  1.7641E-02  1.2367E-02  2.6513E-02  2.4004E-02
  1.6965440785E+02  3.8465167954E-01  2.3453E-02  2.1819E-02  2.4506E-02  2.2639E-02  1.1660E-02  1.1899E-02  1.3847E-02  1.3638E-02  5.7602E-02  5.3791E-02  4.0401E-03  3.8396E-03  9.6512E-03  1.0378E-02  4.4240E-03  4.3312E-03  9.4677E-03  1.0434E-02  3.6170E-02  3.7063E-02
  1.7065440785E+02  4.7225878575E-01  4.2620E-02  4.0241E-02  4.2432E-02  4.2676E-02  1.4432E-02  1.4250E-02  1.5533E-02  1.5474E-02  3.0926E-02  4.1146E-02  6.4912E-03  6.3170E-03  1.5508E-02  1.3931E-02  6.0714E-03  7.3248E-03  1.4011E-02  1.5136E-02  4.7929E-02  3.9809E-02
  1.7165440785E+02  8.3386349327E-01  1.0590E-01  7.0969E-02  1.0898E-01  6.6160E-02  2.2125E-02  3.5395E-02  2.4557E-02  3.5296E-02  2.9739E-02  3.7103E-02  1.6426E-02  1.0473E-02  2.0972E-02  5.0044E-02  1.6756E-02  1.0108E-02  2.4271E-02  4.7183E-02  5.1200E-02  5.0215E-02
  1.7265440785E+02  1.8448273088E-01  1.4638E-02  1.4749E-02  1.4790E-02  1.5244E-02  3.2184E-03  3.0796E-03  3.3569E-03  3.5862E-03  1.9490E-02  1.9097E-02  1.8880E-03  1.8897E-03  3.1985E-03  3.4776E-03  1.9241E-03  2.0204E-03  3.1190E-03  3.1284E-03  2.6083E-02  2.6505E-02
  1.7365440785E+02  1.7803122321E-01  1.3899E-02  1.4282E-02  1.4399E-02  1.4527E-02  2.8953E-03  3.0487E-03  3.2508E-03  3.3433E-03  1.9625E-02  1.5852E-02  2.0062E-03  2.0312E-03  3.0718E-03  3.0089E-03  2.0145E-03  2.1713E-03  2.8158E-03  2.8981E-03  2.5071E-02  2.7821E-02
  1.7465440785E+02  1.6669859877E-01  1.2156E-02  1.4498E-02  1.2440E-02  1.5282E-02  2.9684E-03  2.8245E-03  3.2209E-03  3.2286E-03  1.5931E-02  1.3065E-02  2.0017E-03  2.3345E-03  3.0990E-03  2.7501E-03  1.9564E-03  2.5401E-03  2.7428E-03  2.6617E-03  2.1561E-02  2.9437E-02
  1.7565440785E+02  1.6774984819E-01  1.1537E-02  1.4680E-02  1.1532E-02  1.5490E-02  3.2528E-03  2.8094E-03  3.4888E-03  3.3926E-03  1.1088E-02  1.7447E-02  1.7586E-03  2.8310E-03  3.1664E-03  2.7078E-03  1.6626E-03  3.0944E-03  2.6607E-03  2.7039E-03  2.1630E-02  3.0817E-02
  1.7665440785E+02  1.0136199748E-01  6.4611E-03  8.1512E-03  7.1965E-03  8.0096E-03  1.9334E-03  1.7029E-03  2.1284E-03  2.1094E-03  7.0099E-03  1.3538E-02  9.5972E-04  1.4476E-03  1.6864E-03  1.4862E-03  9.9876E-04  1.5300E-03  1.5012E-03  1.4084E-03  1.5570E-02  1.6533E-02
  1.7765440785E+02  1.3414745685E-01  1.0132E-02  9.0161E-03  1.1120E-02  8.8700E-03  2.1990E-03  2.1354E-03  2.2643E-03  2.3444E-03  1.4772E-02  1.3219E-02  2.2604E-03  1.5403E-03  2.0881E-03  2.3214E-03  2.2494E-03  1.5027E-03  2.0475E-03  2.1782E-03  2.4025E-02  1.7863E-02
  1.7865440785E+02  1.7355517475E-01  1.4616E-02  1.2807E-02  1.4907E-02  1.2540E-02  3.2015E-03  3.0791E-03  3.3939E-03  3.2995E-03  1.4245E-02  1.2709E-02  2.9479E-03  2.1381E-03  2.9718E-03  3.3215E-03  2.9539E-03  2.1166E-03  2.8837E-03  3.1999E-03  3.1643E-02  2.4581E-02
  1.7965440785E+02  1.4704539013E-01  1.1001E-02  1.0177E-02  1.1480E-02  1.0335E-02  2.9048E-03  2.7452E-03  3.1076E-03  2.9728E-03  1.3881E-02  1.3162E-02  2.1662E-03  1.7290E-03  2.3627E-03  2.5630E-03  2.1963E-03  1.7527E-03  2.2354E-03  2.4385E-03  2.5702E-02  2.2134E-02
  1.8065440785E+02  1.2913529714E-01  8.8271E-03  8.7493E-03  9.3364E-03  9.0212E-03  2.6887E-03  2.5624E-03  2.7938E-03  2.7521E-03  1.2945E-02  1.2310E-02  1.7322E-03  1.5592E-03  2.1254E-03  2.1696E-03  1.7354E-03  1.5874E-03  1.9922E-03  2.0484E-03  2.1525E-02  2.0674E-02
  1.8165440785E+02  9.6663176555E-02  5.4109E-03  5.6290E-03  5.7880E-03  5.8250E-03  2.0228E-03  1.9303E-03  1.9766E-03  2.0621E-03  1.3036E-02  1.2345E-02  1.1502E-03  1.1119E-03  1.4562E-03  1.4336E-03  1.0900E-03  1.1086E-03  1.3014E-03  1.2757E-03  1.5135E-02  1.5574E-02
  1.8265440785E+02  7.2541213742E-02  2.5195E-03  2.7136E-03  2.6962E-03  2.6972E-03  2.1693E-03  2.2441E-03  2.0983E-03  2.2724E-03  1.3089E-02  1.2707E-02  1.0245E-03  1.1563E-03  7.9792E-04  9.7338E-04  9.4236E-04  1.0608E-03  6.6809E-04  7.6993E-04  9.7630E-03  1.0179E-02
  1.8365440785E+02  3.9363013970E-01  4.7248E-03  4.9003E-03  4.2234E-03  4.7567E-03  4.1748E-02  4.4997E-02  4.6211E-02  4.3454E-02  1.9718E-02  1.6344E-02  1.9288E-02  2.1794E-02  1.2298E-02  1.4396E-02  2.2837E-02  2.0882E-02  1.4594E-02  1.3889E-02  9.6289E-03  1.2946E-02
  1.8465440785E+02  9.9112046685E-01  1.3239E-02  9.6242E-03  1.4788E-02  1.2473E-02  1.4206E-01  9.0938E-02  1.2350E-01  1.3952E-01  4.8918E-02  4.5195E-02  5.7935E-02  3.0129E-02  3.5474E-02  1.6653E-02  4.6698E-02  5.3867E-02  3.0587E-02  3.3235E-02  2.7448E-02  1.8840E-02
  1.8565440785E+02  1.0683260164E+00  9.4768E-03  8.1894E-03  1.0425E-02  8.0511E-03  1.3392E-01  1.3299E-01  1.2602E-01  1.6097E-01  1.7672E-02  2.3157E-02  5.3954E-02  6.3802E-02  3.0849E-02  4.4823E-02  5.4375E-02  7.6362E-02  3.3718E-02  5.2257E-02  1.1774E-02  1.5533E-02
  1.8665440785E+02  3.1622362742E-01  6.7063E-03  5.7424E-03  7.0279E-03  5.7803E-03  3.6724E-02  3.9806E-02  4.4175E-02  3.8255E-02  1.6422E-02  1.7104E-02  1.1329E-02  1.1693E-02  7.7959E-03  7.0224E-03  1.4173E-02  1.2078E-02  7.8041E-03  7.5119E-03  1.0555E-02  8.5166E-03
  1.8765440785E+02  6.4953064069E-01  1.5034E-02  1.6206E-02  1.4239E-02  1.7120E-02  6.9300E-02  6.4369E-02  6.7208E-02  7.1811E-02  5.9935E-02  5.0689E-02  1.7420E-02  1.6992E-02  8.7380E-03  9.5280E-03  1.8085E-02  1.9080E-02  9.1043E-03  7.5825E-03  4.3654E-02  5.3437E-02
  1.8865440785E+02  5.1244301976E-01  1.0514E-02  1.0603E-02  1.0640E-02  1.5064E-02  6.9532E-02  5.5262E-02  5.3764E-02  7.8565E-02  3.0026E-02  3.0295E-02  1.8174E-02  1.5167E-02  6.7367E-03  8.0933E-03  1.4793E-02  2.3838E-02  4.4967E-03  8.1212E-03  2.2891E-02  2.5868E-02
  1.8965440785E+02  1.9111525473E-01  5.9616E-03  6.5546E-03  6.0312E-03  5.2089E-03  9.3546E-03  1.3669E-02  1.3975E-02  7.4627E-03  2.5070E-02  2.3916E-02  3.2953E-03  4.6181E-03  4.3312E-03  5.0577E-03  4.3780E-03  2.4559E-03  5.3777E-03  4.4767E-03  1.9614E-02  2.0306E-02
  1.9065440785E+02  1.9625937854E-01  6.4879E-03  6.6017E-03  6.4263E-03  5.9271E-03  7.7693E-03  9.7120E-03  1.0477E-02  7.0142E-03  2.9333E-02  2.8308E-02  3.0186E-03  3.5953E-03  4.7877E-03  5.0326E-03  3.5167E-03  2.5095E-03  5.3999E-03  5.1710E-03  2.2445E-02  2.2726E-02
  1.9165440785E+02  2.3786529528E-01  8.0228E-03  7.8753E-03  7.9126E-03  7.6227E-03  7.9072E-03  8.4880E-03  9.5945E-03  7.9405E-03  3.9135E-02  3.8312E-02  3.2008E-03  3.3385E-03  5.4276E-03  5.3658E-03  3.3826E-03  2.9126E-03  5.7973E-03  5.8826E-03  2.9851E-02  2.9896E-02
  1.9265440785E+02  9.5364026397E-02  1.8216E-03  1.6103E-03  1.7375E-03  1.5486E-03  7.8204E-03  7.8357E-03  9.1692E-03  8.3863E-03  1.0763E-02  9.8336E-03  2.6353E-03  2.6003E-03  5.6350E-03  5.4959E-03  2.7346E-03  2.5182E-03  5.9159E-03  6.0925E-03  5.9056E-04  6.1973E-04
  1.9365440785E+02  1.8121606631E-01  2.0234E-03  1.7536E-03  2.2307E-03  2.0678E-03  1.4439E-02  1.4058E-02  1.6378E-02  1.6125E-02  2.6826E-02  2.5601E-02  4.2337E-03  4.0854E-03  1.0047E-02  9.8728E-03  4.3110E-03  4.2357E-03  1.0629E-02  1.0868E-02  7.1427E-04  7.1660E-04
  1.9465440785E+02  9.7262569297E-02  1.9564E-03  1.6715E-03  2.0746E-03  1.9101E-03  7.2545E-03  6.5770E-03  8.5913E-03  8.6958E-03  1.2056E-02  1.0308E-02  2.4908E-03  2.2737E-03  6.1088E-03  5.8905E-03  2.6436E-03  2.6638E-03  6.2136E-03  6.4463E-03  7.2573E-04  7.1057E-04
  1.9565440785E+02  7.3993823022E-02  1.7481E-03  1.5398E-03  1.9243E-03  1.8039E-03  5.3003E-03  4.4476E-03  6.4182E-03  6.8121E-03  8.3197E-03  6.7168E-03  1.9641E-03  1.7040E-03  4.9640E-03  4.6559E-03  2.1321E-03  2.2242E-03  4.9061E-03  5.0746E-03  6.8019E-04  6.5787E-04
  1.9665440785E+02  8.5264729459E-02  1.7119E-03  1.9619E-03  2.0225E-03  2.2719E-03  5.4173E-03  5.8419E-03  7.5573E-03  7.5607E-03  3.8435E-03  1.3897E-02  2.1502E-03  2.0195E-03  5.4009E-03  5.6934E-03  2.6543E-03  2.3522E-03  5.3400E-03  5.9212E-03  7.4604E-04  9.0132E-04
  1.9765440785E+02  6.0859426748E-02  1.5488E-03  1.5662E-03  1.9795E-03  1.9848E-03  3.5457E-03  3.6066E-03  5.7471E-03  5.7360E-03  3.9000E-03  5.7590E-03  1.5757E-03  1.5561E-03  4.1710E-03  4.3121E-03  2.1400E-03  2.0669E-03  4.0969E-03  4.2700E-03  6.2697E-04  6.7009E-04
  1.9865440785E+02  6.4305713217E-02  1.7802E-03  1.7785E-03  2.5019E-03  2.4962E-03  3.5242E-03  3.5298E-03  6.6207E-03  6.6162E-03  3.3338E-03  3.5701E-03  1.7779E-03  1.7766E-03  4.7206E-03  4.7524E-03  2.6065E-03  2.5941E-03  4.4837E-03  4.5152E-03  6.5926E-04  6.6791E-04
  1.9965440785E+02  0.0000000000E+00  0.0000E+00  0.0000E+00  0.0000E+00  0.0000E+00  0.0000E+00  0.0000E+00  0.0000E+00  0.0000E+00  0.0000E+00  0.0000E+00  0.0000E+00  0.0000E+00  0.0000E+00  0.0000E+00  0.0000E+00  0.0000E+00  0.0000E+00  0.0000E+00  0.0000E+00  0.0000E+00
  2.0065440785E+02  0.0000000000E+00  0.0000E+00  0.0000E+00  0.0000E+00  0.0000E+00  0.0000E+00  0.0000E+00  0.0000E+00  0.0000E+00  0.0000E+00  0.0000E+00  0.0000E+00  0.0000E+00  0.0000E+00  0.0000E+00  0.0000E+00  0.0000E+00  0.0000E+00  0.0000E+00  0.0000E+00  0.0000E+00
  2.0165440785E+02  6.6061690007E-01  7.8052E-03  5.5830E-03  7.4888E-03  5.4848E-03  5.8419E-03  6.6885E-03  6.6415E-03  7.6155E-03  1.5120E-01  2.1230E-01  3.6327E-03  3.7929E-03  4.5453E-02  6.3254E-02  4.0902E-03  4.4206E-03  4.9715E-02  6.9320E-02  1.1715E-04  1.8004E-04
  2.0265440785E+02  4.0108157177E-01  5.5784E-03  5.6513E-03  6.0727E-03  5.8276E-03  4.5885E-03  4.1153E-03  3.9600E-03  4.3881E-03  1.0959E-01  1.0905E-01  1.5632E-03  1.4502E-03  3.4448E-02  3.4409E-02  1.3984E-03  1.4904E-03  3.3712E-02  3.3669E-02  6.1201E-05  6.0169E-05
  2.0365440785E+02  2.2000486942E-01  3.3035E-03  3.2825E-03  3.7604E-03  3.4939E-03  4.4440E-03  4.2362E-03  3.8152E-03  4.2206E-03  5.5826E-02  5.7106E-02  1.1071E-03  1.1216E-03  1.8197E-02  1.8823E-02  9.6776E-04  1.0067E-03  1.7334E-02  1.7803E-02  7.8265E-05  7.9064E-05
  2.0465440785E+02  2.5051878463E-01  3.9528E-03  3.8122E-03  4.2833E-03  4.4793E-03  8.3245E-03  8.4854E-03  7.2504E-03  7.6394E-03  6.0546E-02  5.9922E-02  1.6881E-03  1.7255E-03  1.9461E-02  1.9303E-02  1.3261E-03  1.4291E-03  1.8187E-02  1.8223E-02  2.3735E-04  2.4279E-04
  2.0565440785E+02  1.6208916807E-01  4.2206E-03  4.0201E-03  4.1013E-03  5.2091E-03  4.0848E-03  5.0815E-03  5.5302E-03  6.1186E-03  3.3394E-02  3.2676E-02  1.2542E-03  1.3742E-03  1.2916E-02  1.2133E-02  1.4299E-03  1.9282E-03  1.2993E-02  1.2973E-02  3.2099E-04  3.3063E-04
  2.0665440785E+02  1.0453548962E-01  3.7531E-03  3.3169E-03  3.3523E-03  4.8461E-03  2.1038E-03  3.1528E-03  3.6672E-03  4.6166E-03  1.7369E-02  1.7171E-02  1.0882E-03  1.1168E-03  9.1139E-03  8.1168E-03  1.2246E-03  1.9942E-03  8.9488E-03  9.2867E-03  1.3643E-04  1.5954E-04
  2.0765440785E+02  7.4267377091E-02  2.2777E-03  3.9556E-03  3.7783E-03  2.7932E-03  1.6359E-03  1.7236E-03  2.8983E-03  2.3606E-03  1.1724E-02  9.5666E-03  6.8735E-04  1.1711E-03  6.3659E-03  6.5328E-03  1.5135E-03  9.4396E-04  8.1777E-03  6.0085E-03  7.6495E-05  7.5903E-05
  2.0865440785E+02  6.8178790977E-02  2.7940E-03  3.4305E-03  3.3384E-03  3.3851E-03  1.2644E-03  1.7690E-03  2.6612E-03  2.5982E-03  8.8638E-03  7.9814E-03  8.1998E-04  1.0780E-03  6.1637E-03  5.9549E-03  1.3319E-03  1.2892E-03  7.1196E-03  6.2197E-03  5.4869E-05  6.0874E-05
  2.0965440785E+02  6.1662523672E-02  2.9836E-03  3.2278E-03  3.2272E-03  3.3331E-03  1.1408E-03  1.4515E-03  2.3368E-03  2.3449E-03  6.7681E-03  6.4616E-03  8.8512E-04  1.0027E-03  5.7186E-03  5.5905E-03  1.2638E-03  1.2839E-03  6.4687E-03  6.1174E-03  2.6622E-05  2.9985E-05
  2.1065440785E+02  0.0000000000E+00  0.0000E+00  0.0000E+00  0.0000E+00  0.0000E+00  0.0000E+00  0.0000E+00  0.0000E+00  0.0000E+00  0.0000E+00  0.0000E+00  0.0000E+00  0.0000E+00  0.0000E+00  0.0000E+00  0.0000E+00  0.0000E+00  0.0000E+00  0.0000E+00  0.0000E+00  0.0000E+00
  2.1165440785E+02  0.0000000000E+00  0.0000E+00  0.0000E+00  0.0000E+00  0.0000E+00  0.0000E+00  0.0000E+00  0.0000E+00  0.0000E+00  0.0000E+00  0.0000E+00  0.0000E+00  0.0000E+00  0.0000E+00  0.0000E+00  0.0000E+00  0.0000E+00  0.0000E+00  0.0000E+00  0.0000E+00  0.0000E+00
  2.1265440785E+02  0.0000000000E+00  0.0000E+00  0.0000E+00  0.0000E+00  0.0000E+00  0.0000E+00  0.0000E+00  0.0000E+00  0.0000E+00  0.0000E+00  0.0000E+00  0.0000E+00  0.0000E+00  0.0000E+00  0.0000E+00  0.0000E+00  0.0000E+00  0.0000E+00  0.0000E+00  0.0000E+00  0.0000E+00
  2.1365440785E+02  2.4655952936E-01  1.0761E-02  7.3745E-03  8.8604E-03  5.8303E-03  4.9311E-02  4.1687E-02  3.5244E-02  3.3956E-02  3.7359E-03  4.7769E-03  7.3711E-03  5.4662E-03  3.1350E-03  6.2347E-03  4.2976E-03  3.5073E-03  5.0563E-03  9.6107E-03  1.9807E-04  1.4654E-04
  2.1465440785E+02  6.2775285924E-02  2.1304E-03  1.4845E-03  1.9168E-03  1.3536E-03  1.2440E-02  1.1022E-02  9.6103E-03  9.2662E-03  1.1305E-03  1.5728E-03  1.6861E-03  1.3733E-03  8.5659E-04  1.6220E-03  1.1427E-03  1.0083E-03  1.0371E-03  1.9611E-03  9.4175E-05  6.7266E-05
  2.1565440785E+02  4.1967626021E-02  1.2023E-03  8.8309E-04  1.1238E-03  8.5223E-04  8.2721E-03  7.5767E-03  6.6143E-03  6.4468E-03  7.7474E-04  1.0612E-03  1.1176E-03  9.6546E-04  6.1112E-04  1.0331E-03  8.0339E-04  7.4354E-04  6.4034E-04  1.1142E-03  7.6211E-05  5.5397E-05
  2.1665440785E+02  1.6908991252E-01  3.6190E-03  4.2331E-03  3.0240E-03  3.6271E-03  3.3072E-02  3.3990E-02  2.9117E-02  2.9406E-02  2.8433E-03  2.8147E-03  3.9140E-03  4.1286E-03  2.4177E-03  1.5887E-03  3.1440E-03  3.2615E-03  2.7518E-03  1.8466E-03  1.3376E-04  1.5742E-04
  2.1765440785E+02  9.2237038703E-02  1.7949E-03  1.9307E-03  1.6489E-03  1.7500E-03  1.7701E-02  1.8217E-02  1.6349E-02  1.5983E-02  1.4263E-03  1.4807E-03  2.2566E-03  2.3274E-03  1.3084E-03  1.1647E-03  2.0032E-03  1.9788E-03  1.4444E-03  1.2462E-03  1.1407E-04  1.1246E-04
  2.1865440785E+02  6.8503514837E-02  1.2138E-03  1.2911E-03  1.1299E-03  1.2345E-03  1.3185E-02  1.3307E-02  1.2188E-02  1.2133E-02  9.8884E-04  1.0120E-03  1.7717E-03  1.7955E-03  9.9899E-04  8.5087E-04  1.6164E-03  1.6305E-03  1.0611E-03  9.0593E-04  9.5375E-05  9.3551E-05
  2.1965440785E+02  6.2894451194E-02  1.0354E-03  1.0665E-03  9.8940E-04  1.0372E-03  1.2155E-02  1.2250E-02  1.1257E-02  1.1155E-02  8.2142E-04  8.7943E-04  1.7251E-03  1.7354E-03  8.8030E-04  8.2096E-04  1.5883E-03  1.5892E-03  8.9522E-04  8.2489E-04  9.7771E-05  9.0351E-05
  2.2065440785E+02  5.6295181480E-02  8.6472E-04  8.7793E-04  8.3801E-04  8.6626E-04  1.0909E-02  1.0955E-02  1.0133E-02  1.0058E-02  6.7349E-04  7.3998E-04  1.6136E-03  1.6167E-03  7.5961E-04  7.2636E-04  1.5075E-03  1.5087E-03  7.5500E-04  7.1597E-04  9.2646E-05  8.3724E-05
  2.2165440785E+02  5.4117717414E-02  7.7951E-04  7.9287E-04  7.6611E-04  7.9156E-04  1.0502E-02  1.0553E-02  9.7404E-03  9.6743E-03  6.0295E-04  6.8345E-04  1.6147E-03  1.6189E-03  7.2806E-04  6.9856E-04  1.5158E-03  1.5167E-03  6.9762E-04  6.6237E-04  9.5118E-05  8.3589E-05
  2.2265440785E+02  5.1296643036E-02  7.0149E-04  7.0850E-04  6.9954E-04  7.1244E-04  9.9513E-03  1.0014E-02  9.2292E-03  9.1654E-03  5.5283E-04  6.3911E-04  1.5824E-03  1.5865E-03  6.7796E-04  6.6719E-04  1.4932E-03  1.4908E-03  6.3190E-04  6.1439E-04  9.5632E-05  8.3201E-05
  2.2365440785E+02  5.1447892211E-02  6.6789E-04  6.7720E-04  6.7431E-04  6.8510E-04  9.9656E-03  1.0049E-02  9.2345E-03  9.1753E-03  5.5463E-04  6.5991E-04  1.6308E-03  1.6382E-03  6.7533E-04  6.6697E-04  1.5471E-03  1.5427E-03  6.1334E-04  5.9818E-04  1.0368E-04  8.8502E-05
  2.2465440785E+02  5.1627800285E-02  6.4295E-04  6.5016E-04  6.5707E-04  6.6236E-04  9.9467E-03  1.0044E-02  9.2226E-03  9.1792E-03  6.1098E-04  7.3318E-04  1.6695E-03  1.6778E-03  6.7200E-04  6.7334E-04  1.5914E-03  1.5860E-03  5.9905E-04  5.9479E-04  1.1579E-04  9.8684E-05
  2.2565440785E+02  5.2169813688E-02  6.2303E-04  6.3210E-04  6.4401E-04  6.4841E-04  9.9772E-03  1.0092E-02  9.2485E-03  9.2256E-03  7.0362E-04  8.6484E-04  1.7130E-03  1.7242E-03  6.7897E-04  6.8334E-04  1.6396E-03  1.6338E-03  5.9457E-04  5.9611E-04  1.3409E-04  1.1251E-04
  2.2665440785E+02  5.5802988537E-02  6.3774E-04  6.4653E-04  6.6474E-04  6.7006E-04  1.0458E-02  1.0574E-02  9.7225E-03  9.7503E-03  1.0586E-03  1.3245E-03  1.8305E-03  1.8408E-03  7.2890E-04  7.3987E-04  1.7615E-03  1.7609E-03  6.3576E-04  6.5294E-04  1.8825E-04  1.5596E-04
  2.2765440785E+02  3.4661466504E-01  1.0511E-03  1.0484E-03  1.1857E-03  1.2021E-03  1.3260E-02  1.3279E-02  1.2841E-02  1.3117E-02  1.0644E-01  1.0722E-01  2.3843E-03  2.3759E-03  1.3025E-02  1.3089E-02  2.3890E-03  2.4340E-03  1.1495E-02  1.1581E-02  8.6317E-03  8.5607E-03
  2.2865440785E+02  2.2644903943E-01  9.6682E-04  9.5926E-04  1.0164E-03  1.0802E-03  1.3920E-02  1.3784E-02  1.2976E-02  1.3690E-02  5.8650E-02  6.1440E-02  2.5046E-03  2.4613E-03  7.0349E-03  7.1887E-03  2.4162E-03  2.5357E-03  6.4159E-03  6.7193E-03  5.4812E-03  5.2086E-03
  2.2965440785E+02  1.5985023289E-01  7.3887E-04  5.6386E-04  1.0486E-03  8.0135E-04  7.4940E-03  8.6457E-03  1.3275E-02  8.5954E-03  6.2388E-02  2.1697E-02  1.4256E-03  1.6742E-03  7.1934E-03  3.1771E-03  2.3102E-03  1.5251E-03  6.2439E-03  3.0205E-03  2.0395E-03  5.9938E-03
  2.3065440785E+02  0.0000000000E+00  0.0000E+00  0.0000E+00  0.0000E+00  0.0000E+00  0.0000E+00  0.0000E+00  0.0000E+00  0.0000E+00  0.0000E+00  0.0000E+00  0.0000E+00  0.0000E+00  0.0000E+00  0.0000E+00  0.0000E+00  0.0000E+00  0.0000E+00  0.0000E+00  0.0000E+00  0.0000E+00
  2.3165440785E+02  1.4885511842E-01  1.4128E-03  1.1924E-03  1.4662E-03  8.0515E-04  8.3145E-03  9.0358E-03  1.0521E-02  8.2485E-03  2.5906E-02  4.7174E-02  1.6162E-03  1.8148E-03  3.2898E-03  6.4172E-03  1.9874E-03  1.5686E-03  4.2603E-03  6.4978E-03  4.6628E-03  2.6649E-03
  2.3265440785E+02  6.1566274871E-01  6.1714E-03  6.3154E-03  5.9970E-03  6.5181E-03  2.8289E-02  2.8861E-02  2.7134E-02  2.8804E-02  1.6795E-01  1.5878E-01  4.7323E-03  4.5960E-03  2.2800E-02  2.1355E-02  4.7939E-03  5.0777E-03  2.1890E-02  2.1138E-02  2.1635E-02  2.2830E-02
  2.3365440785E+02  1.2047582467E+00  1.2373E-02  1.2977E-02  1.2288E-02  1.2547E-02  2.5501E-02  2.5343E-02  2.7936E-02  2.9090E-02  3.8166E-01  3.5143E-01  4.4909E-03  4.4972E-03  4.6953E-02  4.4455E-02  5.0322E-03  5.0392E-03  4.8377E-02  4.4818E-02  5.2896E-02  5.7055E-02
  2.3465440785E+02  1.0752229572E-01  1.8569E-03  1.8622E-03  1.6090E-03  1.6323E-03  1.4562E-02  1.4239E-02  2.2636E-02  2.3083E-02  1.4804E-03  1.3929E-03  3.1561E-03  3.1077E-03  1.5349E-03  1.5104E-03  4.0471E-03  4.1108E-03  2.7576E-03  2.7614E-03  8.8698E-05  9.2794E-05
  2.3565440785E+02  1.2016769594E-01  2.2975E-03  2.2401E-03  1.7645E-03  1.7926E-03  1.3575E-02  1.3059E-02  2.8447E-02  2.9201E-02  9.3714E-04  9.8548E-04  3.2656E-03  3.1657E-03  1.2885E-03  1.2835E-03  4.8257E-03  4.9490E-03  3.4420E-03  3.5439E-03  5.3605E-05  5.0711E-05
  2.3665440785E+02  0.0000000000E+00  0.0000E+00  0.0000E+00  0.0000E+00  0.0000E+00  0.0000E+00  0.0000E+00  0.0000E+00  0.0000E+00  0.0000E+00  0.0000E+00  0.0000E+00  0.0000E+00  0.0000E+00  0.0000E+00  0.0000E+00  0.0000E+00  0.0000E+00  0.0000E+00  0.0000E+00  0.0000E+00
  2.3765440785E+02  0.0000000000E+00  0.0000E+00  0.0000E+00  0.0000E+00  0.0000E+00  0.0000E+00  0.0000E+00  0.0000E+00  0.0000E+00  0.0000E+00  0.0000E+00  0.0000E+00  0.0000E+00  0.0000E+00  0.0000E+00  0.0000E+00  0.0000E+00  0.0000E+00  0.0000E+00  0.0000E+00  0.0000E+00
  2.3865440785E+02  2.4768214318E-01  3.3296E-03  3.7660E-03  4.8685E-03  4.2766E-03  5.5234E-02  6.5094E-02  3.0737E-02  2.9199E-02  6.4205E-04  5.0524E-04  8.6097E-03  1.0003E-02  5.8972E-03  6.8467E-03  7.0242E-03  6.3883E-03  2.7004E-03  2.5079E-03  2.2912E-05  3.0267E-05
  2.3965440785E+02  4.7987509418E-01  7.0791E-03  7.7656E-03  8.0418E-03  7.7279E-03  9.2948E-02  9.5056E-02  8.8898E-02  7.8753E-02  1.2358E-03  1.0560E-03  1.4090E-02  1.4678E-02  9.4226E-03  9.5176E-03  1.4067E-02  1.2866E-02  8.8711E-03  7.7202E-03  2.6763E-05  5.4176E-05
  2.4065440785E+02  2.1932693446E-01  3.2943E-03  3.2093E-03  3.1150E-03  3.6182E-03  4.5260E-02  4.2343E-02  3.7155E-02  3.9928E-02  7.0364E-04  9.8510E-04  6.5418E-03  6.0957E-03  3.9890E-03  3.8187E-03  5.7059E-03  6.1568E-03  3.4481E-03  3.9258E-03  1.7493E-05  1.6664E-05
  2.4165440785E+02  5.6315276208E-01  9.9874E-03  7.2886E-03  1.0571E-02  7.6512E-03  1.0309E-01  1.0757E-01  1.0565E-01  1.0817E-01  5.1605E-03  2.4180E-03  1.3988E-02  1.4625E-02  9.4883E-03  9.1678E-03  1.4106E-02  1.4297E-02  9.7682E-03  9.6818E-03  3.4660E-04  1.2911E-04
  2.4265440785E+02  4.1090180915E-01  6.6637E-03  6.6548E-03  6.6638E-03  6.6686E-03  7.8815E-02  8.0600E-02  7.6347E-02  7.8230E-02  1.1055E-03  1.2767E-03  1.0631E-02  1.0785E-02  6.7650E-03  6.8314E-03  1.0341E-02  1.0419E-02  5.8686E-03  6.0763E-03  7.6598E-05  8.3012E-05
  2.4365440785E+02  1.1142487654E-01  1.0369E-03  1.9243E-03  1.0826E-03  1.9716E-03  2.0841E-02  2.0631E-02  2.2906E-02  2.2053E-02  4.3704E-04  1.4310E-03  2.6446E-03  2.5297E-03  1.5548E-03  1.7817E-03  2.7380E-03  2.6879E-03  1.5160E-03  1.5628E-03  2.8698E-05  6.5084E-05
  2.4465440785E+02  1.6226356591E-01  6.9576E-04  1.0016E-03  6.9035E-04  1.0467E-03  3.5831E-02  3.5349E-02  3.5040E-02  3.5839E-02  1.6167E-04  4.9087E-04  3.5336E-03  3.4470E-03  5.0896E-04  5.9424E-04  3.4160E-03  3.5053E-03  5.0643E-04  5.4574E-04  2.0725E-05  3.9284E-05
  2.4565440785E+02  5.7078321313E-02  1.9216E-04  2.7824E-04  1.9169E-04  3.0628E-04  1.2896E-02  1.2691E-02  1.2173E-02  1.2619E-02  1.0543E-04  1.6884E-04  1.1913E-03  1.1656E-03  1.8458E-04  2.0281E-04  1.1183E-03  1.1576E-03  1.8606E-04  2.1138E-04  1.6737E-05  2.2492E-05
  2.4665440785E+02  8.8107082569E-02  2.9527E-04  3.4724E-04  3.1202E-04  3.7082E-04  1.9837E-02  1.9806E-02  1.9343E-02  1.9397E-02  1.3864E-04  1.6907E-04  1.8295E-03  1.8217E-03  1.8800E-04  2.0312E-04  1.7683E-03  1.7695E-03  2.2102E-04  2.3029E-04  2.9249E-05  3.0172E-05
  2.4765440785E+02  6.8268126784E-02  2.1442E-04  2.5423E-04  2.3034E-04  2.7473E-04  1.5451E-02  1.5447E-02  1.4868E-02  1.4915E-02  1.4260E-04  1.5725E-04  1.3918E-03  1.3895E-03  1.8536E-04  1.9666E-04  1.3260E-03  1.3276E-03  2.1150E-04  2.1943E-04  3.3132E-05  3.2196E-05
  2.4865440785E+02  6.2571014088E-02  1.9041E-04  2.1728E-04  2.0489E-04  2.3377E-04  1.4233E-02  1.4209E-02  1.3580E-02  1.3609E-02  1.4691E-04  1.5281E-04  1.2603E-03  1.2577E-03  1.9379E-04  2.0113E-04  1.1917E-03  1.1931E-03  2.1042E-04  2.1484E-04  3.6686E-05  3.4406E-05
  2.4965440785E+02  5.6050194423E-02  1.6474E-04  1.8218E-04  1.7448E-04  1.9198E-04  1.2825E-02  1.2780E-02  1.2130E-02  1.2143E-02  1.3848E-04  1.3861E-04  1.1164E-03  1.1133E-03  1.9374E-04  1.9729E-04  1.0533E-03  1.0542E-03  1.9098E-04  1.9223E-04  3.6628E-05  3.3831E-05
  2.5065440785E+02  5.3825185052E-02  1.5240E-04  1.6680E-04  1.5699E-04  1.7118E-04  1.2406E-02  1.2325E-02  1.1590E-02  1.1610E-02  1.3811E-04  1.3546E-04  1.0599E-03  1.0552E-03  2.0866E-04  2.0938E-04  9.9740E-04  1.0004E-03  1.8396E-04  1.8354E-04  3.8828E-05  3.5145E-05
  2.5165440785E+02  5.2106520665E-02  1.4560E-04  1.5454E-04  1.4231E-04  1.5038E-04  1.2087E-02  1.1976E-02  1.1184E-02  1.1204E-02  1.3436E-04  1.2961E-04  1.0093E-03  1.0037E-03  2.2708E-04  2.2379E-04  9.5920E-04  9.6354E-04  1.6940E-04  1.6623E-04  3.9828E-05  3.6045E-05
  2.5265440785E+02  5.1785120148E-02  1.4338E-04  1.4894E-04  1.3131E-04  1.3591E-04  1.2093E-02  1.1945E-02  1.1073E-02  1.1099E-02  1.3363E-04  1.2749E-04  9.8425E-04  9.7754E-04  2.5351E-04  2.4612E-04  9.4780E-04  9.5446E-04  1.5833E-04  1.5272E-04  4.1756E-05  3.7578E-05
  2.5365440785E+02  5.1697392947E-02  1.4576E-04  1.4780E-04  1.1920E-04  1.2126E-04  1.2168E-02  1.1978E-02  1.0995E-02  1.1035E-02  1.3213E-04  1.2505E-04  9.5332E-04  9.4697E-04  2.9444E-04  2.8068E-04  9.4738E-04  9.5719E-04  1.3766E-04  1.2982E-04  4.3422E-05  3.9140E-05
  2.5465440785E+02  5.3286867972E-02  1.5531E-04  1.5274E-04  1.1090E-04  1.0973E-04  1.2637E-02  1.2398E-02  1.1272E-02  1.1330E-02  1.3532E-04  1.2665E-04  9.4563E-04  9.4019E-04  3.5336E-04  3.3136E-04  9.8049E-04  9.9390E-04  1.1820E-04  1.0784E-04  4.6328E-05  4.2122E-05
  2.5565440785E+02  2.1674934108E-01  2.1134E-03  2.0632E-03  1.6981E-03  1.7673E-03  5.2051E-02  5.0257E-02  4.1132E-02  4.1216E-02  1.0037E-03  2.0091E-04  1.0866E-03  1.0782E-03  5.5971E-03  5.1138E-03  1.2157E-03  1.2228E-03  3.9879E-03  3.7381E-03  5.7281E-05  1.4928E-04
  2.5665440785E+02  1.6979635827E-01  1.3185E-03  1.3422E-03  1.2099E-03  1.2532E-03  3.8769E-02  3.7450E-02  3.5017E-02  3.4373E-02  1.2107E-03  1.7062E-04  1.0273E-03  1.0305E-03  3.7771E-03  3.2768E-03  1.3653E-03  1.3750E-03  3.0295E-03  2.5586E-03  5.7939E-05  1.8425E-04
  2.5765440785E+02  1.4176161998E-01  9.2792E-04  9.8190E-04  9.1974E-04  9.2039E-04  3.0964E-02  3.0824E-02  3.0990E-02  3.0229E-02  7.3349E-04  1.9994E-04  9.1117E-04  9.3390E-04  2.6353E-03  2.4210E-03  1.3890E-03  1.4113E-03  2.2569E-03  1.9234E-03  6.1914E-05  1.2676E-04
  2.5865440785E+02  5.2456905688E-01  4.7688E-03  4.7145E-03  4.6906E-03  4.5873E-03  1.0993E-01  1.1242E-01  1.0715E-01  1.0890E-01  3.7935E-03  6.1572E-03  1.3776E-03  1.4072E-03  1.2197E-02  1.3221E-02  2.1798E-03  2.2349E-03  1.1264E-02  1.2278E-02  7.9599E-04  5.0125E-04
  2.5965440785E+02  2.8087868134E-01  1.9989E-03  1.9855E-03  1.8693E-03  1.8806E-03  6.0834E-02  6.0893E-02  6.0530E-02  6.1191E-02  1.3196E-03  1.5146E-03  1.2236E-03  1.2149E-03  5.2929E-03  5.3953E-03  2.1947E-03  2.1776E-03  4.3711E-03  4.5476E-03  2.3596E-04  2.0820E-04
  2.6065440785E+02  2.9147012083E-01  1.6061E-03  1.6607E-03  1.6761E-03  1.6361E-03  6.2671E-02  6.4640E-02  6.5592E-02  6.4003E-02  9.2964E-04  9.2841E-04  2.0915E-03  2.0735E-03  4.1031E-03  4.3238E-03  2.6878E-03  2.5422E-03  3.9792E-03  3.9638E-03  1.7993E-04  1.8234E-04
  2.6165440785E+02  3.0962061942E-01  1.3731E-03  1.3673E-03  1.3914E-03  1.3807E-03  6.8485E-02  6.9500E-02  6.9433E-02  6.8803E-02  6.4291E-04  6.3069E-04  2.8173E-03  2.8349E-03  3.5964E-03  3.6822E-03  3.3572E-03  3.2471E-03  3.3300E-03  3.3927E-03  1.7623E-04  1.7953E-04
  2.6265440785E+02  3.4005904850E-01  1.1131E-03  1.0525E-03  1.1656E-03  1.1895E-03  7.7395E-02  7.5835E-02  7.5701E-02  7.7104E-02  4.5789E-04  4.5569E-04  4.1622E-03  4.0608E-03  2.8924E-03  2.8530E-03  4.0028E-03  3.9407E-03  3.0400E-03  3.2209E-03  2.0440E-04  2.1252E-04
  2.6365440785E+02  6.0838142345E-01  1.1344E-03  1.2326E-03  1.3355E-03  1.8102E-03  1.5287E-01  1.2831E-01  1.3121E-01  1.3866E-01  4.1956E-04  5.8385E-04  1.2521E-02  7.1540E-03  2.2333E-03  4.1710E-03  8.6821E-03  5.1440E-03  3.5465E-03  6.4489E-03  3.1578E-04  5.9123E-04
  2.6465440785E+02  8.7765151683E-01  1.7058E-03  2.1341E-03  1.6583E-03  2.6507E-03  2.3205E-01  1.7332E-01  1.7391E-01  2.1663E-01  9.3610E-04  6.2556E-04  1.7631E-02  1.0680E-02  3.9454E-03  4.9100E-03  1.1609E-02  1.1603E-02  4.0158E-03  7.0661E-03  3.8037E-04  1.9250E-04
  2.6565440785E+02  0.0000000000E+00  0.0000E+00  0.0000E+00  0.0000E+00  0.0000E+00  0.0000E+00  0.0000E+00  0.0000E+00  0.0000E+00  0.0000E+00  0.0000E+00  0.0000E+00  0.0000E+00  0.0000E+00  0.0000E+00  0.0000E+00  0.0000E+00  0.0000E+00  0.0000E+00  0.0000E+00  0.0000E+00
