001 249.464502 .002965396367024144
002 248.247434 .00000160445427328804
003 240.268956 .000000164313486736
004 239.951245 .00000000204847665201
005 235.222289 .000290062549625764
006 232.665469 .0086130731073476
007 231.219651 .3437044418910244
008 227.642683 .0072464977274625
009 211.037241 .00163532186580763225
010 208.219779 .25883063265063889156
011 201.585849 .00171104827241487241
012 199.994628 .00004142945446559296
013 196.301829 .0000464445620953
014 193.140841 .79090963274880229696
015 182.691613 .001156371683287504
016 176.536094 .554174536041
017 176.304387 .218867715889
018 171.703459 .619130074621587524
019 170.242665 .00842498187129
020 169.942891 .0003792844024516
021 169.214727 .385428647241
022 167.557503 .0045014538011236
023 163.304614 .000557541093989524
024 158.003603 .0001830307528036
025 157.401206 .0001090977692309
026 153.648078 .33528963776864531809
027 149.519492 .0036857244230269
028 142.253614 .00042232151948952641
029 130.961312 .0000475339923601
030 130.614968 .0000020799985284
031 125.132441 .0000421572061945
032 122.029048 .00019445779573586756
033 119.959260 .913163715216
034 119.831011 .00619450850704
035 115.616467 .00013714222288
036 114.057327 .00014569179196124416
037 108.334751 .001209352758576001
038 103.445402 .00062760771441
039 103.011634 .0000013220630361
040 102.248948 .00021601089416267536
041 95.888245 .14447449277913091289
042 91.381915 .001086292234801001
043 87.141141 .148011035953396496
044 87.085622 .013552252968499984
045 85.104744 .01151329
046 84.924869 .00675521253801
047 77.921947 .0000227572827010
048 77.289695 .000158866807536889
049 65.327490 .000101210601924484
050 62.115137 .0000645437098881
051 59.286564 .0000618138713300
052 51.595400 .596201723881
053 47.162434 .00142040041924
054 34.584619 .0000173753084569
055 29.967641 .00003262164635057824
056 27.079022 .00158160576275044025
057 3.798389 .00000239689717346900
058 5.231406 .00030702441523733604
059 12.265805 .00125600068801
060 13.972649 .0000278991014416
