    3   20   60
180.948 58.690127.600
    1    1  1.0000  0.0000  0.0000
-11.861713848037  -0.000000000000  -0.887329404595
  0.566605718200   0.000000000000   0.180126810163
  1.065883182157   0.000000000000   0.373834673539
  1.322842797892  -0.000000000000  -0.200317767528
  2.444051492015   0.000000000000   0.454308535315
 -0.269451289269   0.000000000000   0.021766720407
 -0.198296666021  -0.000000000000   0.021950033157
  1.316969582093  -0.000000000000  -0.593689380630
 -0.350314492584  -0.000000000000   0.020969409989
  0.777789598996  -0.000000000000   0.027370696255
  1.086770947123   0.000000000000   2.722399621578
 -0.014051617169  -0.000000000000  -0.027168085897
  0.377545423122   0.000000000000   0.017669258388
  0.227449840880  -0.000000000000  -0.110118509138
 -0.036582603958  -0.000000000000  -0.027658052538
  0.398355850224  -0.000000000000  -0.256371994735
  0.064810389940  -0.000000000000  -0.005311425442
 -0.061051301111   0.000000000000   1.081681953765
  3.585746315412  -0.000000000000  -2.862310058495
 -0.443359319906   0.000000000000   0.048196966442
    1    2  0.0000  1.0000  0.0000
 -0.003263333558  -8.500673901832   0.001055511175
  0.002577537321   0.021564709518  -0.000804421331
  0.004796656478   0.195098755038   0.000011304333
 -0.001964064938   0.874834345015  -0.000410729694
 -0.003583920414   0.214840809960   0.000392836718
  0.004796131294   0.021906324071  -0.000112545544
  0.002793023463   0.019842203578  -0.000052407099
 -0.003744955443   1.982954569993   0.000901213911
 -0.006515035465   0.073481321506   0.000852594359
  0.005449544698   0.327820078535  -0.000003462962
 -0.006588168703   1.481072661567   0.001662460685
  0.004686337584   0.027104886283  -0.001669380839
  0.002475852718  -0.313345111004   0.002566601494
  0.002467139213   0.112056110699   0.003774764885
  0.004291802126   0.083195408584  -0.002977569245
  0.000968708477  -0.434307428266  -0.005316075697
  0.001630458781   0.026346524671   0.003451479644
 -0.009106078697   3.541112990154   0.004212403565
 -0.001210671623   0.223113640311  -0.004691370467
 -0.000956963312   0.021981101618  -0.002843207893
    1    3  0.0000  0.0000  1.0000
 -0.886942713057  -0.000000000000 -13.596787000998
 -0.179943774964  -0.000000000000  -0.050324072463
 -0.368659470551   0.000000000000   0.005190703391
 -0.192027277688  -0.000000000000  -0.211896197758
  1.418322979517   0.000000000000   0.111521940548
  0.136231848102   0.000000000000   0.042251405369
  0.078880144151  -0.000000000000  -0.009718858465
 -0.680912405694   0.000000000000   0.462794108407
  0.126537891151   0.000000000000   0.035235191689
  0.044100363909  -0.000000000000  -0.141238893289
  1.005946644544   0.000000000000   3.667257073665
  0.012544095068  -0.000000000000  -0.007707840969
  0.091868876183   0.000000000000   0.011835239570
  0.212335049579  -0.000000000000   0.031877423158
 -0.064284865283  -0.000000000000  -0.010768765114
 -0.273651815497   0.000000000000   0.283381683227
 -0.039468101261  -0.000000000000  -0.016718505361
  1.698168404979   0.000000000000   6.915150219951
 -2.306851587828   0.000000000000   2.448146170277
  0.167805714641   0.000000000000   0.030518975166
    2    1  1.0000  0.0000  0.0000
  0.538885304658  -0.000000000000  -0.158063464312
-12.045589593454   0.000000000000   0.859549823468
  1.253843233439   0.000000000000   0.177039982564
  1.033568723884  -0.000000000000  -0.343726576526
 -0.232062752454   0.000000000000  -0.013700274467
  2.479505992274  -0.000000000000  -0.414105109764
  1.321411460861   0.000000000000   0.577847579415
 -0.171703857737  -0.000000000000  -0.034034255867
  0.826550614662  -0.000000000000  -0.010831713622
 -0.310810483653   0.000000000000  -0.016808496071
  0.019038152867   0.000000000000   0.039308683769
  0.993139074106  -0.000000000000  -2.863382878726
  0.233581678623   0.000000000000   0.084931759974
  0.342875445768   0.000000000000   0.015237830649
  0.446522878093   0.000000000000   0.264389488971
 -0.001898532804   0.000000000000   0.050387190606
 -0.270997094683  -0.000000000000  -1.126787851009
  0.101408947767   0.000000000000  -0.008390466047
 -0.301341789308  -0.000000000000  -0.042779049165
  3.744072597092   0.000000000000   2.963917796157
    2    2  0.0000  1.0000  0.0000
  0.002722287410   0.021379809735   0.000796389313
 -0.003457682078  -8.501614752867  -0.001027942353
 -0.002024184414   0.874455315445   0.000412892211
  0.004902858665   0.195443429554   0.000030396876
  0.004933368677   0.021914585338   0.000149974165
 -0.003663782710   0.211608721498  -0.000395610106
 -0.003928950364   1.987301856594  -0.001010419661
  0.002940035070   0.019487009037   0.000027114119
  0.005319480696   0.328614768425  -0.000042939255
 -0.006373814357   0.073510674937  -0.000884919305
  0.004829854953   0.026828279037   0.001740714676
 -0.006704397216   1.482242908915  -0.001504649105
  0.002561564994   0.112065765762  -0.003877472586
  0.002306229142  -0.313170057556  -0.002706221962
  0.000764652365  -0.435113392987   0.005269579860
  0.004457579070   0.082831216994   0.003054013541
 -0.009144698859   3.543541813040  -0.004304944454
  0.001724424357   0.026315120338  -0.003564246996
 -0.000880085987   0.021747340291   0.002982859952
 -0.001284739414   0.220609588470   0.004855431069
    2    3  0.0000  0.0000  1.0000
  0.172534088147  -0.000000000000  -0.045321405241
  0.866377415367  -0.000000000000 -13.582230378242
  0.197794297361  -0.000000000000  -0.211918996851
  0.357424418459   0.000000000000   0.008869178670
 -0.138434989519   0.000000000000   0.039791983744
 -1.416142838982   0.000000000000   0.130239867738
  0.672996092426   0.000000000000   0.480524441920
 -0.077048888686  -0.000000000000  -0.006905247636
 -0.039272452030  -0.000000000000  -0.124669549690
 -0.129432936319   0.000000000000   0.034077583638
 -0.014755202979  -0.000000000000  -0.008245105227
 -0.990238325468   0.000000000000   3.613593478704
 -0.187691211104   0.000000000000   0.033450382013
 -0.055206741993   0.000000000000   0.021885162942
  0.236936086370   0.000000000000   0.274353918888
  0.061773664951  -0.000000000000  -0.005550787007
 -1.711187333090   0.000000000000   6.889233556201
  0.034427158010  -0.000000000000  -0.016119375778
 -0.148439398201   0.000000000000   0.021624566667
  2.307587097280   0.000000000000   2.453316724546
    3    1  1.0000  0.0000  0.0000
  1.065990615749  -0.000000000000  -0.375383305941
  1.322471928479   0.000000000000   0.200102197859
-11.872985324073   0.000000000000   0.896956548955
  0.566076565702  -0.000000000000  -0.180131516730
 -0.197899464665  -0.000000000000  -0.022296977641
  1.319748394355   0.000000000000   0.594959727550
  2.451876939422  -0.000000000000  -0.454727017108
 -0.268070926422  -0.000000000000  -0.021118240629
 -0.349226598644  -0.000000000000  -0.022368308605
  0.769149954889  -0.000000000000  -0.025835153802
 -0.036376689882  -0.000000000000   0.027137029612
  0.398435693961   0.000000000000   0.256351553735
  0.065555571651  -0.000000000000   0.005160415743
 -0.053921921175  -0.000000000000  -1.086151645491
  1.087790487060  -0.000000000000  -2.722298209427
 -0.013613151976   0.000000000000   0.027646851307
  0.378695105993  -0.000000000000  -0.017273870545
  0.226139418893   0.000000000000   0.110178417819
  3.583098088626   0.000000000000   2.857138442558
 -0.442934687943  -0.000000000000  -0.048046939217
    3    2  0.0000  1.0000  0.0000
 -0.005275460508   0.194360868026  -0.000031552473
  0.002308368285   0.874285019440  -0.000454025556
  0.003908212107  -8.508925138326   0.000991513657
 -0.003103702127   0.020738190813  -0.000875843391
 -0.003339730653   0.019397516482  -0.000043732413
  0.004384706154   1.989071223639   0.000945479150
  0.004065464400   0.211241917049   0.000453722445
 -0.005452568054   0.021164079346  -0.000086385503
  0.006399928629   0.073842654197   0.001097348314
 -0.005328929628   0.326953330636   0.000037756576
 -0.004914239617   0.082857326006  -0.003322347327
 -0.000456836340  -0.435684215818  -0.005676475943
 -0.001950496662   0.025980407658   0.003894712175
  0.009728276569   3.551402515845   0.004693286882
  0.007267427456   1.482319232942   0.001450260998
 -0.005301613151   0.026636597991  -0.001943447964
 -0.002286440741  -0.313828188905   0.003077603993
 -0.002884682022   0.111184033466   0.004307760637
  0.001383552187   0.225353109291  -0.005320373660
  0.000848763717   0.021649520222  -0.003195260595
    3    3  0.0000  0.0000  1.0000
  0.367449923318   0.000000000000   0.005640835977
  0.192741861115  -0.000000000000  -0.211421150113
  0.896428041041  -0.000000000000 -13.603341120255
  0.179811779771  -0.000000000000  -0.050144343838
 -0.079269885365   0.000000000000  -0.009183198584
  0.681581043861   0.000000000000   0.464059080393
 -1.420741201763   0.000000000000   0.112415161491
 -0.136072742934   0.000000000000   0.042308223306
 -0.127114046339   0.000000000000   0.035215723213
 -0.046968109649  -0.000000000000  -0.144514431281
  0.064722660315   0.000000000000  -0.010938139243
  0.274262728507   0.000000000000   0.283566890026
  0.039699080033   0.000000000000  -0.016097778909
 -1.705054497240   0.000000000000   6.918841554970
 -1.005338283068   0.000000000000   3.663082363922
 -0.012084187994   0.000000000000  -0.006846109294
 -0.092424651270   0.000000000000   0.012217109738
 -0.211091316840   0.000000000000   0.033006646555
  2.307403563824   0.000000000000   2.450635900373
 -0.167941759322   0.000000000000   0.031496781554
    4    1  1.0000  0.0000  0.0000
  1.313905727331  -0.000000000000  -0.198385715999
  1.061310650020   0.000000000000   0.375888499493
  0.562454256770   0.000000000000   0.178893557108
-11.855126956295  -0.000000000000  -0.900171307578
  1.314620451720  -0.000000000000  -0.595724470183
 -0.205138385190   0.000000000000   0.020181089230
 -0.269812085035   0.000000000000   0.015637524719
  2.455583376683   0.000000000000   0.459929036067
  0.773692450054   0.000000000000   0.028138908039
 -0.355331295246   0.000000000000   0.024979051645
  0.404082990372  -0.000000000000  -0.281529261556
 -0.004093516525  -0.000000000000  -0.021163212364
 -0.087609076700   0.000000000000   1.096235307165
  0.070362794588   0.000000000000  -0.004755107047
 -0.000911875398   0.000000000000  -0.025910224564
  1.070420967091   0.000000000000   2.753125027745
  0.219240164110  -0.000000000000  -0.104095483876
  0.401177358634   0.000000000000   0.013647244245
 -0.442037433285   0.000000000000   0.051881713991
  3.573209436300  -0.000000000000  -2.886802176280
    4    2  0.0000  1.0000  0.0000
  0.002114981819   0.874095350026   0.000438850169
 -0.004956785634   0.195213545196  -0.000027431566
 -0.002710579445   0.020758546285   0.000859363694
  0.003386844166  -8.508779648503  -0.001058535606
  0.003892708282   1.993063044449  -0.000922009773
 -0.002907133957   0.019419497795   0.000047746166
 -0.005043230815   0.020908913823   0.000131254428
  0.003734487009   0.210779134703  -0.000407513013
 -0.005486254891   0.323469144628   0.000074441867
  0.006565588200   0.073749934642  -0.001039989920
 -0.000845795473  -0.435206641924   0.005430643594
 -0.004500402796   0.082642285318   0.003037556890
  0.009355634213   3.550664990707  -0.004387104033
 -0.001635672977   0.025921378392  -0.003601724893
 -0.004860944298   0.026568975686   0.001801084019
  0.006761260794   1.482378817996  -0.001605509741
 -0.002675978995   0.110528710152  -0.003910540161
 -0.002419888847  -0.313748634121  -0.002651643667
  0.001014456724   0.021666408221   0.002857325257
  0.001216706922   0.225906246529   0.004933736288
    4    3  0.0000  0.0000  1.0000
 -0.192431666434  -0.000000000000  -0.211483520635
 -0.366618613669   0.000000000000   0.006704760011
 -0.179573337729  -0.000000000000  -0.050243529431
 -0.899780874861  -0.000000000000 -13.602575683196
 -0.682525275026   0.000000000000   0.464561297709
  0.079109384440   0.000000000000  -0.009233895607
  0.135942678653   0.000000000000   0.041879440517
  1.422683010265   0.000000000000   0.112952602084
  0.048523621549  -0.000000000000  -0.144819096032
  0.127001684908   0.000000000000   0.035239146116
 -0.273905508459   0.000000000000   0.283223119680
 -0.064732775279   0.000000000000  -0.011189079596
  1.704637282100   0.000000000000   6.920518513811
 -0.039583908083  -0.000000000000  -0.016436683767
  0.012196915264   0.000000000000  -0.006993168728
  1.005499112211   0.000000000000   3.664941041192
  0.210381403827   0.000000000000   0.032835095537
  0.091970775589   0.000000000000   0.011820839243
  0.167507703305   0.000000000000   0.031488012721
 -2.306301612569   0.000000000000   2.446810788370
    5    1  1.0000  0.0000  0.0000
  2.490466370485   0.000000000000   1.402303222811
 -0.195150108121  -0.000000000000  -0.107896783277
 -0.113138611570  -0.000000000000  -0.063270035972
  1.332000437405  -0.000000000000  -0.657641542049
 -9.546453840493  -0.000000000000  -0.931395559405
  0.114597876756   0.000000000000  -0.000967937552
  0.172413285951   0.000000000000   0.029709484463
 -0.157138615229   0.000000000000   1.354331919881
  0.293015363038   0.000000000000   0.017702323716
  0.380653217388   0.000000000000   0.045218380920
  1.253430703570  -0.000000000000  -2.286562507613
  0.165641786252   0.000000000000   0.036928872582
  2.861266856471   0.000000000000   1.910355366730
  0.061562859947   0.000000000000  -0.047608399772
  0.130801041560   0.000000000000   0.032052478227
  0.110076790984  -0.000000000000  -0.644343762294
  0.088689391424  -0.000000000000  -0.033148018350
  0.183557181810   0.000000000000   0.030452246024
  0.028631760647  -0.000000000000  -0.096762001144
  0.345076251724   0.000000000000   0.010542252074
    5    2  0.0000  1.0000  0.0000
 -0.001324106806   0.380610085200  -0.000062640319
 -0.001212498028  -0.003759238861  -0.000484241793
 -0.000185706096   0.005987154172  -0.000177997241
  0.000611479026   1.889336577455  -0.000170333191
  0.000640036103  -8.305951876439   0.000579041460
 -0.000130783549   0.014442102209  -0.000236678647
 -0.000161588603  -0.004361635715  -0.000210132337
  0.000567648056   3.134383871599   0.000536489637
  0.000049158422   0.009131377492   0.000192433248
  0.000250260764  -0.024808031894   0.000332389196
  0.000210522322   3.665029583677   0.000130585160
 -0.000491576611  -0.007568659649  -0.000904913627
  0.000439353822  -0.300714617623  -0.000611183162
 -0.000281653607  -0.010614365088   0.000160761124
  0.000125361263  -0.006481330791   0.000043206897
  0.000643392311  -0.467213448009   0.000081078046
 -0.001108786478   0.014330124940   0.000044669295
  0.000561421739  -0.013433383999  -0.000038762573
  0.000285678954  -0.008922512817   0.000111232821
  0.000512386995   0.040578224142   0.000684996006
    5    3  0.0000  0.0000  1.0000
  0.453065090056   0.000000000000   0.109746101231
 -0.016836654312   0.000000000000   0.045599301827
 -0.020623825005  -0.000000000000  -0.008112122275
 -0.592145244290   0.000000000000   0.467812451266
 -0.868488538729  -0.000000000000  -8.051847291072
 -0.004850103467  -0.000000000000  -0.000864385402
 -0.035644142496  -0.000000000000  -0.017158897751
  1.360934395877   0.000000000000   2.446604126341
 -0.098576969091  -0.000000000000  -0.187705614078
 -0.078899805322  -0.000000000000  -0.009680104284
 -1.243118175490   0.000000000000   2.165834988674
  0.019310547308  -0.000000000000  -0.011371922681
  1.345218443771   0.000000000000   1.407896848802
  0.018232766293  -0.000000000000  -0.014404800254
  0.017825150474   0.000000000000   0.010278682973
 -0.374676528413   0.000000000000   1.751610685300
  0.039808345840  -0.000000000000  -0.001572874317
  0.003183900959   0.000000000000   0.045312663754
  0.203843063434  -0.000000000000  -0.124888071156
 -0.127561717399  -0.000000000000  -0.023089766898
    6    1  1.0000  0.0000  0.0000
 -0.193182024841   0.000000000000   0.107632464635
  2.487863035530  -0.000000000000  -1.401370531071
  1.330203725081   0.000000000000   0.657189889426
 -0.111776950034   0.000000000000   0.063216908728
  0.115971220879   0.000000000000   0.000871716046
 -9.567566397239   0.000000000000   0.930049163674
 -0.156007398789  -0.000000000000  -1.353830551294
  0.174119163696  -0.000000000000  -0.029522942555
  0.381622787547  -0.000000000000  -0.045016066095
  0.294597805884   0.000000000000  -0.017702987415
  0.167301304319  -0.000000000000  -0.036846977634
  1.255382553698   0.000000000000   2.287242313494
  0.062804849422   0.000000000000   0.047525602051
  2.863550131949  -0.000000000000  -1.909223835106
  0.111490298389   0.000000000000   0.643205572523
  0.132282876725  -0.000000000000  -0.031807112102
  0.185573476403  -0.000000000000  -0.030854429916
  0.090158588203   0.000000000000   0.032996490845
  0.345373463525  -0.000000000000  -0.010253165561
  0.030237489651   0.000000000000   0.096498477325
    6    2  0.0000  1.0000  0.0000
 -0.001131242024  -0.002406573952   0.000489800759
 -0.001261739706   0.381641312056   0.000023176697
  0.000585822069   1.885703907313   0.000158089284
 -0.000324489983   0.007718550793   0.000183567951
 -0.000142673051   0.016002204040   0.000200789872
  0.000576759367  -8.330067811100  -0.000576131474
  0.000588164656   3.132139647953  -0.000533565294
 -0.000141431697  -0.002790271169   0.000237430343
  0.000227979203  -0.022932390380  -0.000317522190
  0.000047447735   0.011134256534  -0.000219898394
 -0.000437830768  -0.005962965826   0.000815095326
  0.000219791855   3.669062115549  -0.000198243298
 -0.000394880434  -0.009194168556  -0.000207243802
  0.000485759358  -0.298515592647   0.000604431627
  0.000680079240  -0.465540792454  -0.000034303631
  0.000065790116  -0.004988595294   0.000040116433
  0.000597498794  -0.011879259181   0.000137540398
 -0.001008042991   0.015914492911  -0.000049224125
  0.000550530772   0.042463939595  -0.000643469278
  0.000216707490  -0.007502006186  -0.000110437204
    6    3  0.0000  0.0000  1.0000
  0.016715010172   0.000000000000   0.047364161255
 -0.452386844389   0.000000000000   0.111194247613
  0.590177242476   0.000000000000   0.469103313945
  0.020641869829   0.000000000000  -0.006179108645
  0.004740923501   0.000000000000   0.000975616243
  0.868488665448  -0.000000000000  -8.080275880001
 -1.359078016550   0.000000000000   2.447147115802
  0.035610563014  -0.000000000000  -0.015435240707
  0.078632915348   0.000000000000  -0.007727378950
  0.098750692913  -0.000000000000  -0.185663569112
 -0.019399911316  -0.000000000000  -0.009600854794
  1.243366079968   0.000000000000   2.167086669161
 -0.018224867167  -0.000000000000  -0.012585753752
 -1.344501170841   0.000000000000   1.408533615855
  0.373292098649   0.000000000000   1.751001712996
 -0.017935862761   0.000000000000   0.012103197939
 -0.003153516552   0.000000000000   0.047266863005
 -0.039907496428   0.000000000000   0.000175418749
  0.127792182208  -0.000000000000  -0.021026163802
 -0.203620557524  -0.000000000000  -0.123457982801
    7    1  1.0000  0.0000  0.0000
 -0.203779876809   0.000000000000   0.080508630563
  1.328216639833   0.000000000000   0.698942823717
  2.455083715690  -0.000000000000  -1.425321436794
 -0.264461008054   0.000000000000   0.131823060943
  0.117279141231  -0.000000000000  -0.037679716957
 -0.047296712720  -0.000000000000  -1.351913786149
 -9.043273228236   0.000000000000   0.873291306454
  0.060700884003  -0.000000000000  -0.006634099613
  0.263346749284   0.000000000000   0.025432496857
  0.383956879499  -0.000000000000  -0.064389498612
  0.008696802267  -0.000000000000  -0.010553143140
  0.026023425350   0.000000000000   0.697942278521
  0.070234107510   0.000000000000   0.020330475628
  0.153388939512  -0.000000000000  -0.095762966401
  1.261431329741   0.000000000000   2.221064466115
  0.029715798730  -0.000000000000  -0.018134695814
  2.804318356035  -0.000000000000  -1.949583440539
 -0.029542983251   0.000000000000   0.011241789316
  0.171913641427   0.000000000000   0.127054872279
  0.454047398958   0.000000000000   0.072340583625
    7    2  0.0000  1.0000  0.0000
  0.000043798549   0.007554439002  -0.000178583240
 -0.000601868866   1.884259258716  -0.000176886102
  0.001385519388   0.381896105700  -0.000100989951
  0.001273027111  -0.002742995461  -0.000467722018
  0.000139581650  -0.002816444661  -0.000189267185
 -0.000513081740   3.131955860270   0.000507002605
 -0.000492021105  -8.336839768764   0.000484112177
  0.000057333531   0.015943820018  -0.000241593495
 -0.000020765000   0.012513174843   0.000188008517
 -0.000298882133  -0.022684794162   0.000384522042
 -0.000285585597  -0.004832191247   0.000094737014
 -0.000529730330  -0.464531023718   0.000127342392
  0.001182061227   0.016085169957   0.000094701814
 -0.000592421371  -0.012122770660   0.000045544826
 -0.000097127680   3.676912930821  -0.000014495717
  0.000482822988  -0.005935810329  -0.000989801800
 -0.000486544089  -0.299834625485  -0.000593100132
  0.000180885576  -0.009124709252   0.000224885515
 -0.000342449572  -0.007658846476   0.000090505243
 -0.000484552536   0.042003220889   0.000711077495
    7    3  0.0000  0.0000  1.0000
  0.020686786494   0.000000000000  -0.005302089817
  0.589023494462   0.000000000000   0.468440221972
 -0.452202844694   0.000000000000   0.112892662570
  0.016791746582   0.000000000000   0.047740337998
  0.035433542015  -0.000000000000  -0.014412325485
 -1.358700686470   0.000000000000   2.446388807211
  0.870643934003  -0.000000000000  -8.101506875139
  0.004813455207   0.000000000000   0.001664850260
  0.099847985006  -0.000000000000  -0.185028680122
  0.078087698943   0.000000000000  -0.006202355540
 -0.017852489226   0.000000000000   0.013272187063
  0.374426458733   0.000000000000   1.751038988907
 -0.039686993762   0.000000000000   0.001183347453
 -0.004050378402   0.000000000000   0.049013929489
  1.244736968417   0.000000000000   2.170505565175
 -0.019351853348   0.000000000000  -0.009059900379
 -1.349818673502   0.000000000000   1.413912896152
 -0.017509382078  -0.000000000000  -0.011897470136
 -0.202441674124  -0.000000000000  -0.123133711900
  0.127122905742  -0.000000000000  -0.019510385732
    8    1  1.0000  0.0000  0.0000
  1.327601420740  -0.000000000000  -0.698471537071
 -0.204265786518  -0.000000000000  -0.080681839712
 -0.264710278909  -0.000000000000  -0.132020189761
  2.458290675349   0.000000000000   1.427047154371
 -0.047353649916   0.000000000000   1.353664340779
  0.116687136876   0.000000000000   0.038168808028
  0.060237960531   0.000000000000   0.006732834690
 -9.043162978425  -0.000000000000  -0.878330901549
  0.383727259902   0.000000000000   0.064037262999
  0.263033074099  -0.000000000000  -0.025212177542
  0.025587201748  -0.000000000000  -0.697641592153
  0.008339094782   0.000000000000   0.010685286452
  0.152944377462   0.000000000000   0.095862822757
  0.069999506767   0.000000000000  -0.020104655705
  0.029285591911   0.000000000000   0.017942144851
  1.262006442799  -0.000000000000  -2.221069106415
 -0.029858683784   0.000000000000  -0.011314866285
  2.806324095347   0.000000000000   1.950353548813
  0.453352155474  -0.000000000000  -0.072964878718
  0.171935383765  -0.000000000000  -0.126682458829
    8    2  0.0000  1.0000  0.0000
 -0.000488993619   1.884186441318   0.000159038022
  0.000320877507   0.007102965506   0.000276998691
  0.001071629683  -0.003185807472   0.000492203330
  0.001227256342   0.379601307941   0.000049112264
 -0.000639026368   3.136477512766  -0.000523580637
  0.000181561117  -0.003325168586   0.000339248498
  0.000157910383   0.015364870145   0.000154205866
 -0.000626486389  -8.328304473016  -0.000769720815
 -0.000439978833  -0.023472793375  -0.000102147222
  0.000155931350   0.012743766892  -0.000012307769
 -0.000661500033  -0.463420278259  -0.000063891061
 -0.000040837587  -0.005428409367   0.000261478392
 -0.000439890003  -0.013943715484  -0.000228049253
  0.000884553469   0.015618184574  -0.000273568705
  0.000240046734  -0.006579299353   0.000635790089
 -0.000017144550   3.675125122618  -0.000187303410
  0.000278757666  -0.009772437025  -0.000507162328
 -0.000343390116  -0.301366454048   0.000304588197
 -0.000321846441   0.040082797671  -0.000258486060
 -0.000499430312  -0.007504133447   0.000253553910
    8    3  0.0000  0.0000  1.0000
 -0.588737075997   0.000000000000   0.467770993816
 -0.020607444714  -0.000000000000  -0.005936910805
 -0.016423583035   0.000000000000   0.047185397145
  0.453553202854   0.000000000000   0.112648616653
  1.359774629891   0.000000000000   2.447517015265
 -0.035458457352  -0.000000000000  -0.015205105860
 -0.004857480769  -0.000000000000   0.000958452077
 -0.876628070717  -0.000000000000  -8.087272144393
 -0.077760474244   0.000000000000  -0.006932366528
 -0.099529309778  -0.000000000000  -0.185466034429
 -0.374360292209   0.000000000000   1.748905415291
  0.018060790080   0.000000000000   0.012370859468
  0.004219851992   0.000000000000   0.048261776961
  0.039861322305  -0.000000000000   0.000337520882
  0.019217943862  -0.000000000000  -0.009827266839
 -1.243966574881   0.000000000000   2.168670547879
  0.017494407436  -0.000000000000  -0.012580115604
  1.350890451248   0.000000000000   1.413139288099
 -0.127431105425  -0.000000000000  -0.020325938337
  0.202687269452  -0.000000000000  -0.124220000743
    9    1  1.0000  0.0000  0.0000
 -0.308711577043   0.000000000000   0.135764898839
  0.791334772120  -0.000000000000  -0.022832846415
 -0.305580465240  -0.000000000000  -0.137010976307
  0.773618440948   0.000000000000   0.026495253075
  0.327329780624  -0.000000000000  -0.085954232496
  0.368591725241   0.000000000000   0.138598285316
  0.335577459704   0.000000000000   0.086444544611
  0.359844731682  -0.000000000000  -0.138458835448
 -7.138251364714  -0.000000000000  -0.006533746665
  0.320986086299  -0.000000000000   0.000219901537
 -0.047315054177   0.000000000000   0.068302710494
  0.304177282045  -0.000000000000  -0.208172069077
  2.069906473768  -0.000000000000  -2.166337953493
  0.084839220589  -0.000000000000   0.008361416969
 -0.047877051417  -0.000000000000  -0.071281368390
  0.301085958089   0.000000000000   0.203939567392
  2.080664464165   0.000000000000   2.178214281509
  0.086314432790  -0.000000000000  -0.007564618713
  0.343331796178  -0.000000000000   0.001253547576
 -0.699867111652   0.000000000000  -0.003447760314
    9    2  0.0000  1.0000  0.0000
 -0.000043648099   0.037208287052  -0.000054932177
 -0.000689319872   0.311350385427   0.000788370802
  0.000633740638   0.037829420485  -0.000119493590
  0.000111226275   0.306044253327   0.000812668488
  0.000182322352   0.008271788212  -0.000044193366
  0.000319464247  -0.024356007434  -0.000132733619
 -0.000257309568   0.010006706079   0.000019097823
 -0.000124943985  -0.024040866182   0.000127706122
 -0.000371865891  -4.794749822665   0.000029246933
  0.000312113463   0.061257895530   0.000022153611
 -0.000044892453   0.052620913418  -0.000179706454
  0.000031970520   0.115952625050  -0.000261602805
 -0.001083438290   0.079577435357  -0.000635528171
  0.000312241514  -0.058241388777  -0.000184445114
  0.000411500415   0.052762638751   0.000369944081
 -0.000348507587   0.115925934466   0.000341713741
  0.000422216354   0.077145512671  -0.000354720057
  0.000237416898  -0.058076382700   0.000121828573
  0.000442837760   0.044047946052   0.000043477689
 -0.000453124690   3.649462725883  -0.000708852511
    9    3  0.0000  0.0000  1.0000
  0.019641020013   0.000000000000   0.034100351617
 -0.031537644428  -0.000000000000  -0.135831925428
 -0.022706617420   0.000000000000   0.033683417401
  0.031815142770  -0.000000000000  -0.140178648667
 -0.017890796136  -0.000000000000  -0.187791601818
 -0.066017750331   0.000000000000  -0.012286641170
  0.018753842985  -0.000000000000  -0.187787590747
  0.065180989168   0.000000000000  -0.012229153249
 -0.009210407332  -0.000000000000  -9.050404856446
 -0.000723398008  -0.000000000000  -0.011766188242
  0.016053224544   0.000000000000   0.011859927276
 -0.118430529059   0.000000000000   0.121606212182
 -1.754537469618   0.000000000000   2.691844464794
  0.030564634642   0.000000000000  -0.018048136334
 -0.016766141805   0.000000000000   0.010624623313
  0.117229834520   0.000000000000   0.119566547395
  1.766547855523   0.000000000000   2.700020095852
 -0.032205664967   0.000000000000  -0.019016502894
 -0.000842758962   0.000000000000  -0.000413326797
  0.005082633903   0.000000000000   4.052448931962
   10    1  1.0000  0.0000  0.0000
  0.789603464040   0.000000000000   0.022893837225
 -0.309753968143  -0.000000000000  -0.135491216295
  0.777125321248  -0.000000000000  -0.024337315512
 -0.305880658243   0.000000000000   0.136952468740
  0.367630306216  -0.000000000000  -0.139306505705
  0.327412729260   0.000000000000   0.086323371271
  0.358748436594   0.000000000000   0.140060207894
  0.335268914831  -0.000000000000  -0.086077830039
  0.321263051843   0.000000000000   0.000274351042
 -7.132328673284   0.000000000000  -0.007033742748
  0.304830858221   0.000000000000   0.208162964801
 -0.047741994302  -0.000000000000  -0.068455195342
  0.085700216393   0.000000000000  -0.008082972848
  2.071964048580   0.000000000000   2.171150363249
  0.301638811768  -0.000000000000  -0.203928430116
 -0.048679137586   0.000000000000   0.071617758869
  0.086848574910   0.000000000000   0.007658250254
  2.074637275357  -0.000000000000  -2.174038508031
 -0.702243356663   0.000000000000   0.002449828402
  0.343955778958   0.000000000000  -0.000791685111
   10    2  0.0000  1.0000  0.0000
 -0.000041985986   0.310719226072  -0.000810073519
 -0.000801589020   0.036376908438   0.000042314694
  0.000727261044   0.307890518023  -0.000830849055
 -0.000054132449   0.036847223542   0.000112562309
  0.000171316225  -0.025974501784  -0.000081299982
  0.000265493778   0.007722146613  -0.000121030376
 -0.000353157403  -0.025371122911   0.000101046950
 -0.000112284924   0.008947533924   0.000131784145
 -0.000442291036   0.060136533135  -0.000013957414
  0.000844930784  -4.770205566007   0.000027381479
  0.000453419041   0.115314720308  -0.000375654377
 -0.000523704035   0.051245491842  -0.000454351489
 -0.000367005441  -0.059390786236  -0.000189129713
 -0.000363320865   0.076567957842   0.000255022593
 -0.000023023913   0.114979637546   0.000321669995
  0.000015741967   0.051324497121   0.000255303782
 -0.000556222062  -0.059251279272   0.000224793700
  0.001150031721   0.076007637701   0.000683284645
  0.000570673066   3.643342452847   0.000715885150
 -0.000560150493   0.042770771254   0.000005296482
   10    3  0.0000  0.0000  1.0000
  0.031837657060  -0.000000000000  -0.140336083703
 -0.021384870064   0.000000000000   0.033381567866
 -0.029367342118  -0.000000000000  -0.143944194960
  0.022354956887   0.000000000000   0.033395252022
  0.066704745091  -0.000000000000  -0.008336138165
  0.021854123789  -0.000000000000  -0.187992016975
 -0.065991834135  -0.000000000000  -0.007911394036
 -0.021829846484  -0.000000000000  -0.187721166934
 -0.000398355931  -0.000000000000  -0.015714012011
 -0.002440197497  -0.000000000000  -8.992257733082
  0.130692837506   0.000000000000   0.118499564855
 -0.016149726718  -0.000000000000   0.008054672711
 -0.037080645382  -0.000000000000  -0.018943892440
  1.753937667460   0.000000000000   2.686371405401
 -0.128910558070   0.000000000000   0.117585888058
  0.016604538392  -0.000000000000   0.007719769681
  0.037625191325  -0.000000000000  -0.018905055472
 -1.755626831905   0.000000000000   2.687490082558
 -0.002356644226   0.000000000000   4.032994538518
 -0.000074864982  -0.000000000000  -0.003431053893
   11    1  1.0000  0.0000  0.0000
  1.075380994875   0.000000000000   0.557144223696
 -0.012683149595  -0.000000000000  -0.025267089917
 -0.094476668499  -0.000000000000  -0.017867484971
  0.495275647309  -0.000000000000  -0.284133941869
  0.652955684329  -0.000000000000  -0.520838984899
  0.039120043502  -0.000000000000  -0.039818451659
  0.026961667656  -0.000000000000  -0.053148230622
 -0.190480565417  -0.000000000000  -0.215494945728
 -0.042133192105   0.000000000000   0.057602359234
  0.323064274646   0.000000000000   0.140577953643
 -4.663661953080  -0.000000000000  -0.289451422222
  0.042758881199  -0.000000000000  -0.021268107118
  0.678454115638  -0.000000000000  -0.121725573121
 -0.037592674933   0.000000000000   0.062772349437
  0.016501924321  -0.000000000000  -0.062185094608
  0.263293760956  -0.000000000000  -0.223381419892
 -0.045871318183   0.000000000000   0.023995933264
  0.247635092839   0.000000000000   1.173887017576
  1.182678050762  -0.000000000000  -0.126835874862
  0.042819383780  -0.000000000000  -0.014563215362
   11    2  0.0000  1.0000  0.0000
 -0.000075624704   1.444977077796  -0.001444591508
 -0.000175628684   0.016500160605  -0.000023096182
  0.000191862389   0.045997613717  -0.000087112598
 -0.000652201628  -0.241732513906   0.000553544807
  0.000038969341   3.628916061527   0.000185734488
  0.000224877537  -0.004958426852   0.000089923030
  0.000028044656  -0.004442560373   0.000548675573
  0.000216416343  -0.461898515220   0.000041052466
 -0.000814417820   0.053565485973  -0.000026820319
  0.000004922331   0.123616198624   0.000208094518
  0.001884955350  -6.132802666227   0.000127665438
 -0.000071548994  -0.015900447486   0.000011191165
 -0.000370501298   0.282370957759  -0.000512352200
 -0.000236166267   0.015005881771  -0.000440411737
 -0.000224332175   0.020050119991  -0.000301675935
  0.000169210421   0.394701853817   0.000642784990
 -0.000206061185   0.002254451151   0.000007868767
  0.000060979077   0.779222025603   0.000106469538
 -0.000358265234   0.083754129240   0.000549867484
  0.000364510544  -0.029196887509  -0.000236811785
   11    3  0.0000  0.0000  1.0000
  2.728078503352   0.000000000000   3.651823189624
  0.026082623650   0.000000000000  -0.003483898470
  0.017134978653   0.000000000000  -0.000285710778
 -0.255082631071   0.000000000000   0.279944609327
 -2.231934797872   0.000000000000   2.150621470979
 -0.018394713844   0.000000000000  -0.001080081474
 -0.010987269705   0.000000000000   0.013759558689
 -0.696988390299   0.000000000000   1.738281811065
  0.038669029166   0.000000000000   0.009676945298
  0.257980434541   0.000000000000   0.122361904833
  0.297607236697  -0.000000000000  -8.571242521392
 -0.009457022319  -0.000000000000   0.004536843241
  0.103375315346  -0.000000000000  -0.136562461693
 -0.038801425767   0.000000000000   0.019612074746
 -0.005911747199  -0.000000000000  -0.025261540828
 -0.165695160610   0.000000000000   0.301674926657
 -0.008581282783   0.000000000000   0.001369442837
  0.279872816280   0.000000000000   0.545292157972
 -0.258163441861  -0.000000000000  -0.076356933015
 -0.048803054355   0.000000000000  -0.024681787617
   12    1  1.0000  0.0000  0.0000
 -0.012085882230   0.000000000000   0.025215408356
  1.075177381045  -0.000000000000  -0.555028333287
  0.496047429457   0.000000000000   0.283939081511
 -0.094182233844   0.000000000000   0.017705233235
  0.039661058793   0.000000000000   0.039944457726
  0.654546748436   0.000000000000   0.521378797879
 -0.189340140246   0.000000000000   0.215427967363
  0.027671845091   0.000000000000   0.053205093164
  0.322868788687  -0.000000000000  -0.140522424395
 -0.041501530124  -0.000000000000  -0.057401512799
  0.043269435696   0.000000000000   0.021358329502
 -4.672483767202   0.000000000000   0.285683281573
 -0.036714848683  -0.000000000000  -0.062707111301
  0.678868586854   0.000000000000   0.121861954778
  0.263953517899   0.000000000000   0.223239940844
  0.017140635150   0.000000000000   0.062247951532
  0.247351559946  -0.000000000000  -1.172574749376
 -0.045467497830   0.000000000000  -0.024283817019
  0.043365157162   0.000000000000   0.014836113757
  1.181853755943   0.000000000000   0.126474336957
   12    2  0.0000  1.0000  0.0000
 -0.000187948240   0.016935108691   0.000026227195
 -0.000033547270   1.442452739983   0.001448841064
 -0.000672087035  -0.241464374695  -0.000542409859
  0.000191425137   0.046288750244   0.000087112869
  0.000234879550  -0.004501446867  -0.000068469804
  0.000021563143   3.632392630630  -0.000177676487
  0.000210719728  -0.461198059723  -0.000077452384
  0.000012450342  -0.004025450777  -0.000582305042
 -0.000003275888   0.124154835684  -0.000224564711
 -0.000821605047   0.053995421483   0.000040518138
 -0.000046275129  -0.015485754894  -0.000014037448
  0.001901792973  -6.139892698492  -0.000055440722
 -0.000232729702   0.015383906381   0.000456403254
 -0.000394986258   0.282480242648   0.000479895138
  0.000153180648   0.394974780901  -0.000669366418
 -0.000234567875   0.020484602441   0.000294740219
  0.000059403089   0.778897350358  -0.000104338416
 -0.000187138270   0.002691494533  -0.000035358103
  0.000399450814  -0.028695229284   0.000267786687
 -0.000370704710   0.084131150755  -0.000550105170
   12    3  0.0000  0.0000  1.0000
 -0.026114934607   0.000000000000  -0.002955912042
 -2.725188154434   0.000000000000   3.648441736450
  0.254979327150   0.000000000000   0.280377496394
 -0.017325071428   0.000000000000   0.000047847001
  0.018366553165   0.000000000000  -0.000682131264
  2.232689253596   0.000000000000   2.150524711829
  0.697238969070   0.000000000000   1.739953854611
  0.011009780549  -0.000000000000   0.014249807325
 -0.257866305365   0.000000000000   0.122847254276
 -0.038849226145   0.000000000000   0.010369199130
  0.009316366494   0.000000000000   0.004794808442
 -0.300546385693  -0.000000000000  -8.577255014504
  0.039054723901   0.000000000000   0.019955889481
 -0.103929206361  -0.000000000000  -0.135865898683
  0.165694233621   0.000000000000   0.302063296680
  0.005870379855  -0.000000000000  -0.024707387476
 -0.279827114368   0.000000000000   0.545514213618
  0.008531511542   0.000000000000   0.002090152281
  0.048754621932  -0.000000000000  -0.024385633469
  0.258140677526  -0.000000000000  -0.075378290078
   13    1  1.0000  0.0000  0.0000
  0.374458917000   0.000000000000   0.079983910565
  0.211227500689  -0.000000000000  -0.213524148227
  0.075772800884   0.000000000000   0.028723536639
 -0.065019668420   0.000000000000   1.710143078335
  2.786950929110   0.000000000000   1.308981039510
 -0.009113993245   0.000000000000  -0.018277540423
  0.074454984533  -0.000000000000  -0.036738336977
  0.166677234829   0.000000000000  -0.002082671960
  2.073311888009  -0.000000000000  -1.697602997003
 -0.052939095152  -0.000000000000  -0.028231766673
  0.559088436868   0.000000000000   0.085508902987
  0.017081556667   0.000000000000   0.054468254185
 -7.280507966164  -0.000000000000  -1.258563674833
  0.033615150014   0.000000000000   0.006995298898
  0.010040303657   0.000000000000   0.007226974450
  0.179561942505   0.000000000000   0.255456536749
  0.717533078531  -0.000000000000  -0.023324532205
 -0.012499531424  -0.000000000000  -0.044062964602
 -0.018440715778   0.000000000000   0.018445177446
  0.158746246889  -0.000000000000  -0.233524076860
   13    2  0.0000  1.0000  0.0000
  0.011843009453  -0.485375232300   0.001643966962
 -0.010986983381  -0.043129698524   0.000864627273
 -0.015326802390  -0.065633139259   0.001292264499
  0.013147511340   2.555443934075   0.000184102632
  0.016634783829  -0.173525911298  -0.000845141052
 -0.018034045002  -0.080778189072  -0.001259325158
 -0.015931162763  -0.054185970112  -0.001506808914
  0.015820752457  -0.151525178204  -0.001960074583
  0.004859409214   0.219122059819  -0.005358649598
 -0.003910499152  -0.108827905372  -0.005874254126
  0.010477772058   0.285074479432   0.007355837183
 -0.011978926433  -0.061920614892   0.007309306822
  0.008353078935  -2.524848703942  -0.007111462451
 -0.005113190399  -0.082983929086  -0.010663038096
 -0.010221587645  -0.071094041893   0.009963439943
  0.009636426853   0.857665854660   0.010552274807
 -0.007253389603  -0.167380116509  -0.010752649181
  0.006591220028   0.360657543624  -0.011180737759
 -0.000610245349  -0.162505394298   0.008708931564
  0.002002867953  -0.044249846851   0.008637389233
   13    3  0.0000  0.0000  1.0000
  0.022063956345   0.000000000000   0.015570256310
  0.106213926884   0.000000000000   0.042441432545
  0.006725732262  -0.000000000000  -0.013659885657
  1.085650179152   0.000000000000   6.923250587456
  1.911815172320   0.000000000000   1.412818830692
  0.014868370408   0.000000000000  -0.005107383030
  0.021339707178  -0.000000000000  -0.001520086268
  0.086620826347   0.000000000000   0.048800938839
 -2.212520962850   0.000000000000   2.675006657573
 -0.010061874889   0.000000000000  -0.017459032304
 -0.077161881324  -0.000000000000  -0.145102107879
 -0.039676184309   0.000000000000   0.029364158037
 -1.245322439736  -0.000000000000 -11.793068131156
  0.002780916474   0.000000000000   0.008274743973
 -0.015793774167   0.000000000000  -0.003254933069
  0.587471829206   0.000000000000   0.579466050847
  0.025137786427  -0.000000000000  -0.078521784102
 -0.054548434263   0.000000000000   0.031757905794
 -0.015939971895  -0.000000000000  -0.012742958788
 -0.199662879570   0.000000000000   0.303684740189
   14    1  1.0000  0.0000  0.0000
  0.230873582834   0.000000000000   0.208837236111
  0.387619935717  -0.000000000000  -0.075737599131
 -0.044918283405  -0.000000000000  -1.707434077809
  0.069869458790  -0.000000000000  -0.026719297346
 -0.019061037512   0.000000000000   0.015473905384
  2.807725342493  -0.000000000000  -1.332170886187
  0.151950882461   0.000000000000  -0.004002274684
  0.076930007317   0.000000000000   0.039863299289
 -0.059528179072   0.000000000000   0.036538757679
  2.088234533217   0.000000000000   1.742975580575
  0.029359159701  -0.000000000000  -0.054545394555
  0.515428785964  -0.000000000000  -0.072588901654
  0.033188163033  -0.000000000000  -0.003385592934
 -7.165699205612   0.000000000000   1.256503582019
  0.161845652288  -0.000000000000  -0.277016285107
 -0.007699765194  -0.000000000000  -0.004929529680
 -0.022908383846   0.000000000000   0.038907380695
  0.688433206303   0.000000000000   0.021018228447
  0.115100658887   0.000000000000   0.207072283454
 -0.036744514363  -0.000000000000  -0.008660414565
   14    2  0.0000  1.0000  0.0000
 -0.011075221326  -0.043037608124  -0.000877619902
  0.011860131699  -0.485248990306  -0.001616214800
  0.013183076569   2.554451800777  -0.000183590122
 -0.015322553679  -0.065599754760  -0.001286642348
 -0.018089903277  -0.080506404738   0.001267987898
  0.016672485651  -0.173032429357   0.000888643183
  0.015860036875  -0.151758530428   0.001962806586
 -0.015969179000  -0.054170383947   0.001495001358
 -0.003882708127  -0.108911115851   0.005780592023
  0.004858941789   0.218475078617   0.005497136976
 -0.012005476697  -0.061741243693  -0.007292069944
  0.010538859510   0.285370664177  -0.007404554791
 -0.005108544676  -0.082817025737   0.010596593133
  0.008357010208  -2.525333468331   0.007145957727
  0.009666023938   0.857837681427  -0.010582823385
 -0.010219134676  -0.070852180370  -0.009986777454
  0.006596693022   0.361379471538   0.011220004542
 -0.007244501208  -0.167441077833   0.010720914337
  0.001957356650  -0.044729825339  -0.008618676814
 -0.000633393246  -0.162334657721  -0.008726668202
   14    3  0.0000  0.0000  1.0000
 -0.110965148603   0.000000000000   0.036808162828
 -0.021633552030   0.000000000000   0.028051734709
 -1.104972822455   0.000000000000   6.941055587950
 -0.003509551767  -0.000000000000  -0.009459392369
 -0.020504152235  -0.000000000000   0.006789653570
 -1.890360050118   0.000000000000   1.429689707573
 -0.056216389926   0.000000000000   0.018629528889
 -0.025464792685  -0.000000000000   0.006177859312
  0.017238381461  -0.000000000000  -0.006894212702
  2.198041204435   0.000000000000   2.689374770706
  0.070001686741   0.000000000000   0.032715090112
  0.134287203860  -0.000000000000  -0.106259681512
  0.001269977874   0.000000000000   0.022699265362
  1.205180793074  -0.000000000000 -11.793524232956
 -0.513939966175   0.000000000000   0.486632538095
  0.016257653464  -0.000000000000   0.001763828193
  0.008598919049   0.000000000000   0.028666424980
 -0.031795828148  -0.000000000000  -0.057578600339
  0.124823997081   0.000000000000   0.244155522675
  0.003662437104  -0.000000000000   0.000506444924
   15    1  1.0000  0.0000  0.0000
 -0.019823697077  -0.000000000000  -0.044258930504
  0.426100222439   0.000000000000   0.276291636739
  1.069734649714  -0.000000000000  -0.945208300562
  0.002959712750   0.000000000000   0.013758633528
  0.028989153721   0.000000000000   0.020475236127
  0.054882347686   0.000000000000   0.374891514768
  1.120938377288   0.000000000000   1.028676842231
  0.044873523281   0.000000000000   0.022788613579
 -0.035663186270  -0.000000000000  -0.031972637073
  0.172868861645  -0.000000000000  -0.136239592716
  0.064196339204  -0.000000000000  -0.006530167636
  0.228166931188   0.000000000000   0.161874239309
 -0.015135004623  -0.000000000000  -0.036718555799
  0.166760497424  -0.000000000000  -0.532088239551
 -4.897274962059  -0.000000000000  -0.224805915663
  0.032900412433   0.000000000000   0.005735613985
  0.628872050003   0.000000000000   0.087387695572
  0.038874037892  -0.000000000000  -0.024084801108
  0.869867163475  -0.000000000000  -0.031301513528
  0.016912569887   0.000000000000   0.021328628301
   15    2  0.0000  1.0000  0.0000
  0.000727070621   0.064802922332   0.000127331484
  0.002218982369  -0.247213263523   0.000866669947
 -0.001780766701   1.453936795869  -0.001337593807
 -0.000488362355   0.034276099344  -0.000100797271
 -0.000223536632   0.012501480886   0.000390897988
 -0.000417545599  -0.544013646457   0.000017261834
  0.000163940439   3.635670325130   0.000158190912
  0.000105059686   0.013037673544   0.000102972791
  0.000724644009   0.072732529524  -0.000036909149
  0.000045388239   0.120928011537   0.000489522701
  0.000777633195   0.037358704726  -0.000679553579
  0.000650832588   0.427609412867   0.000817737418
 -0.000862161364   0.019601915801  -0.000193006846
 -0.000979526956   0.818537433243  -0.000775275624
 -0.002610076908  -6.435264524330   0.000039775947
 -0.000357137435   0.002497393214   0.000370416629
  0.001310527768   0.343765085100  -0.000348521228
  0.001286521364   0.031718970092  -0.000960746065
  0.000322313707   0.149860049699   0.001492480266
 -0.000613800036  -0.012343368598  -0.000440854348
   15    3  0.0000  0.0000  1.0000
 -0.017572301042   0.000000000000  -0.000118122272
  0.255175052046   0.000000000000   0.280498323762
 -2.728731992938   0.000000000000   3.648890238220
 -0.026854371989   0.000000000000  -0.003974743563
  0.011278211681   0.000000000000   0.012621533120
  0.696429591132   0.000000000000   1.740493196099
  2.236265829620   0.000000000000   2.154994352956
  0.018974404410   0.000000000000  -0.000893345470
 -0.038158492247   0.000000000000   0.009569209216
 -0.254841074102   0.000000000000   0.122358566154
  0.005060915683   0.000000000000  -0.025469949360
  0.165635660670   0.000000000000   0.301198509271
  0.008430292742   0.000000000000   0.001112824104
 -0.280017525644   0.000000000000   0.543745839195
 -0.304391668218  -0.000000000000  -8.575851646110
  0.009534985223   0.000000000000   0.005024589407
 -0.103336598528  -0.000000000000  -0.135512857423
  0.038885318417   0.000000000000   0.019876364072
  0.259091404249  -0.000000000000  -0.073906824827
  0.049142358837  -0.000000000000  -0.024656056551
   16    1  1.0000  0.0000  0.0000
  0.425830447852  -0.000000000000  -0.276366680383
 -0.020020247356   0.000000000000   0.044537045426
  0.002664993454  -0.000000000000  -0.013719507398
  1.067672205866   0.000000000000   0.945374414809
  0.054220763074  -0.000000000000  -0.375809120248
  0.028619831181   0.000000000000  -0.020435363182
  0.044379063692  -0.000000000000  -0.022936469193
  1.120891964125  -0.000000000000  -1.027895816380
  0.171657408055   0.000000000000   0.135689136113
 -0.036172490955  -0.000000000000   0.031798363802
  0.227857693707  -0.000000000000  -0.162002516883
  0.063760688287   0.000000000000   0.006605220114
  0.166283179565   0.000000000000   0.531785076495
 -0.015714034083  -0.000000000000   0.036828454051
  0.032494420500  -0.000000000000  -0.005838039718
 -4.887453474932   0.000000000000   0.225418630471
  0.038489059315   0.000000000000   0.024092569067
  0.628279936947  -0.000000000000  -0.087409104955
  0.016544476279  -0.000000000000  -0.021140239190
  0.869714115427   0.000000000000   0.031423947181
   16    2  0.0000  1.0000  0.0000
  0.002240597988  -0.247604316118  -0.000852919014
  0.000726480144   0.064111773317  -0.000113531718
 -0.000502129102   0.033713009502   0.000100571505
 -0.001744853772   1.454410403224   0.001302418286
 -0.000417743511  -0.544494966210  -0.000053144673
 -0.000233472862   0.011854921052  -0.000389085984
  0.000077859119   0.012509323474  -0.000093979491
  0.000244640264   3.635191530368  -0.000161706588
  0.000075156714   0.121078311219  -0.000457265403
  0.000667886855   0.072103499673   0.000019054528
  0.000714795346   0.426753178932  -0.000790109140
  0.000742971151   0.036812661379   0.000703500272
 -0.000922835296   0.817950318088   0.000772693557
 -0.000921804836   0.019092094781   0.000164855962
 -0.000397672910   0.001901648863  -0.000357759972
 -0.002651917468  -6.425117577843  -0.000024565517
  0.001276805653   0.031178149009   0.000906018180
  0.001322603650   0.342355426286   0.000303018289
 -0.000670979284  -0.012860471055   0.000443726322
  0.000373612155   0.149061082060  -0.001421789401
   16    3  0.0000  0.0000  1.0000
 -0.254967861600   0.000000000000   0.280032681538
  0.017814853400  -0.000000000000  -0.000490485131
  0.026740282739  -0.000000000000  -0.004270580942
  2.729543442281   0.000000000000   3.650472825052
 -0.697697896974   0.000000000000   1.741702099970
 -0.011189456168   0.000000000000   0.012357161314
 -0.018819718276  -0.000000000000  -0.001414871242
 -2.236300237461   0.000000000000   2.153170176754
  0.254479429160   0.000000000000   0.121880394496
  0.038263384141   0.000000000000   0.009428296113
 -0.165864724783   0.000000000000   0.301134910389
 -0.005098315090  -0.000000000000  -0.025668361235
  0.280665312037   0.000000000000   0.544482706787
 -0.008640567990  -0.000000000000   0.000784818430
 -0.009532285127   0.000000000000   0.004391689463
  0.303612531575  -0.000000000000  -8.571979337171
 -0.038871516842   0.000000000000   0.019332709422
  0.103851673753  -0.000000000000  -0.135949891502
 -0.049127728252  -0.000000000000  -0.024857942024
 -0.258860600523  -0.000000000000  -0.074539000482
   17    1  1.0000  0.0000  0.0000
  0.075956373363  -0.000000000000  -0.028601995412
 -0.071612988922  -0.000000000000  -1.700901673733
  0.375566238714  -0.000000000000  -0.079674409397
  0.209966789410   0.000000000000   0.211442790479
  0.073494017845   0.000000000000   0.036433610569
  0.168076452018  -0.000000000000   0.002034909179
  2.787713701736  -0.000000000000  -1.310834686162
 -0.008669856002   0.000000000000   0.018466209047
  2.081144417428   0.000000000000   1.704337543506
 -0.052526237207   0.000000000000   0.027888893657
  0.009463205826  -0.000000000000  -0.008262944571
  0.179674760034  -0.000000000000  -0.255444972148
  0.721135946407   0.000000000000   0.024260327441
 -0.012567982044   0.000000000000   0.043675815335
  0.563921887364  -0.000000000000  -0.086504306266
  0.016918372619  -0.000000000000  -0.053906617450
 -7.290007734508   0.000000000000   1.247452227152
  0.033124095694  -0.000000000000  -0.006817397432
 -0.018516707975  -0.000000000000  -0.018197448439
  0.157745248201   0.000000000000   0.233154124646
   17    2  0.0000  1.0000  0.0000
  0.015131047275  -0.066073140535   0.001229274535
 -0.012938880844   2.538196614482   0.000110025562
 -0.011714938277  -0.487034493002   0.001665378453
  0.010882365608  -0.044424225450   0.000894559712
  0.015808917261  -0.054481552130  -0.001433730253
 -0.015679647954  -0.153545278264  -0.001947494858
 -0.016456620121  -0.172552071846  -0.000875111050
  0.017866492495  -0.080977020871  -0.001316120457
 -0.004915579501   0.221440424592  -0.005395514104
  0.003952980752  -0.109001538439  -0.005914300032
  0.009801976190  -0.071369481783   0.010018552785
 -0.009237266804   0.857731303417   0.010518926580
  0.007042937008  -0.167190249593  -0.010554986936
 -0.006417105190   0.362110731266  -0.010933494924
 -0.010226708979   0.285553443957   0.007337253984
  0.011706881647  -0.061925507495   0.007167077795
 -0.008140502007  -2.502089643963  -0.007004331595
  0.004891538968  -0.083877495461  -0.010414264415
  0.000580342885  -0.162477522106   0.008497224516
 -0.001938230410  -0.048013296776   0.008351074701
   17    3  0.0000  0.0000  1.0000
 -0.003130534279   0.000000000000  -0.008871329937
 -1.097798753666   0.000000000000   6.935055969177
 -0.021324824234   0.000000000000   0.028192863303
 -0.111641549456   0.000000000000   0.037093091663
 -0.025434340856   0.000000000000   0.006584040713
 -0.055468674909   0.000000000000   0.018609794843
 -1.895490038762   0.000000000000   1.435498698863
 -0.020928175491   0.000000000000   0.007125996735
  2.205258187852   0.000000000000   2.694660478665
  0.017135014164   0.000000000000  -0.006690513921
  0.015912999755   0.000000000000   0.002796278124
 -0.510597993231   0.000000000000   0.482703473794
 -0.031798397773  -0.000000000000  -0.056587468788
  0.007675189958   0.000000000000   0.027660644086
  0.136283050864  -0.000000000000  -0.105036761886
  0.070395857757   0.000000000000   0.032222303688
  1.195272383057  -0.000000000000 -11.797387492873
  0.001390357085   0.000000000000   0.022510121100
  0.003407761877   0.000000000000   0.001869907619
  0.120882480287   0.000000000000   0.241989905033
   18    1  1.0000  0.0000  0.0000
 -0.072050562622   0.000000000000   1.702338724467
  0.075561586600   0.000000000000   0.028596859432
  0.210267380204  -0.000000000000  -0.212001238758
  0.375363883491   0.000000000000   0.079838216649
  0.167954145919   0.000000000000  -0.001709166331
  0.072933211997   0.000000000000  -0.036259414849
 -0.009228114430  -0.000000000000  -0.018473693780
  2.787758181987   0.000000000000   1.310287572591
 -0.052939516639  -0.000000000000  -0.027756726040
  2.073419442899  -0.000000000000  -1.698527989178
  0.179576749994   0.000000000000   0.256294305668
  0.008581524693   0.000000000000   0.008459777490
 -0.013349169270  -0.000000000000  -0.043667712422
  0.724704853096  -0.000000000000  -0.024038989435
  0.016286486703   0.000000000000   0.053968678045
  0.563731988684   0.000000000000   0.086923811241
  0.032330931413   0.000000000000   0.006873219835
 -7.279353096748  -0.000000000000  -1.256562790383
  0.157753466562  -0.000000000000  -0.232740735513
 -0.019303374533   0.000000000000   0.018157291270
   18    2  0.0000  1.0000  0.0000
 -0.012989216573   2.539596900913  -0.000132082234
  0.015154994519  -0.066668313014  -0.001208430643
  0.010943027091  -0.044826423341  -0.000897059309
 -0.011720964944  -0.487420118676  -0.001645645879
 -0.015709828475  -0.154287404154   0.001965526115
  0.015813186273  -0.055263231117   0.001463422263
  0.017904780661  -0.081849168369   0.001276156193
 -0.016484196083  -0.171962131223   0.000878296292
  0.003916382776  -0.109867051086   0.005798718238
 -0.004938193380   0.221442980260   0.005469651713
 -0.009331569259   0.858063649615  -0.010461696730
  0.009905274145  -0.072352432884  -0.009939528719
 -0.006420297733   0.361320480616   0.010970184870
  0.007027490708  -0.168319713191   0.010579035189
  0.011766774835  -0.062755010380  -0.007233282614
 -0.010274308154   0.284457381039  -0.007348836810
  0.004992948464  -0.084595808855   0.010411095853
 -0.008184543754  -2.492251202606   0.006940321754
 -0.001976009049  -0.049040459219  -0.008339072886
  0.000604267933  -0.163422924328  -0.008546772656
   18    3  0.0000  0.0000  1.0000
  1.100168252885   0.000000000000   6.937976058066
  0.003204364389  -0.000000000000  -0.009442785592
  0.111326636290   0.000000000000   0.036699178313
  0.021537729587   0.000000000000   0.027538530009
  0.055805440726   0.000000000000   0.018378455293
  0.025510530177  -0.000000000000   0.006120620802
  0.020837649852  -0.000000000000   0.006436017031
  1.896149383200   0.000000000000   1.434594045990
 -0.017163163862  -0.000000000000  -0.007175139445
 -2.201001153381   0.000000000000   2.690446532712
  0.512160369607   0.000000000000   0.484105710852
 -0.015904015059   0.000000000000   0.002151539604
 -0.007668718613   0.000000000000   0.027385745984
  0.031557552552  -0.000000000000  -0.057086347290
 -0.070212976308   0.000000000000   0.031855999282
 -0.135753309373  -0.000000000000  -0.105726311233
 -0.001470509235   0.000000000000   0.022179498408
 -1.203891041741  -0.000000000000 -11.788984253018
 -0.121639133030   0.000000000000   0.241365955428
 -0.003553888663  -0.000000000000   0.001180948804
   19    1  1.0000  0.0000  0.0000
  3.582273696946  -0.000000000000  -2.312359211746
 -0.446090352961  -0.000000000000  -0.168313573139
  3.579792728260   0.000000000000   2.312932815713
 -0.445807599837   0.000000000000   0.167831356613
  0.156102152369   0.000000000000   0.197728255504
  0.445724239650   0.000000000000   0.123530024679
  0.156700030631  -0.000000000000  -0.197598940374
  0.445259922818  -0.000000000000  -0.123444776094
  0.250600010815   0.000000000000   0.000744924386
 -0.408994018357   0.000000000000  -0.002540780821
  0.714156479268  -0.000000000000  -0.221185680840
 -0.015260022491   0.000000000000   0.057841046016
 -0.060560701445  -0.000000000000  -0.006438811592
  0.118802062968   0.000000000000   0.246178558898
  0.712383229484   0.000000000000   0.221511553210
 -0.014449982936  -0.000000000000  -0.058040353341
 -0.059823086817   0.000000000000   0.006614494075
  0.117703802361  -0.000000000000  -0.244753312460
 -9.098381135589   0.000000000000  -0.000107836514
  0.269868544862   0.000000000000  -0.000129752173
   19    2  0.0000  1.0000  0.0000
 -0.000222998253   0.248652382545  -0.000245097629
  0.000290229149   0.017472682061   0.000383949016
 -0.000056893536   0.251576875486  -0.000202631376
 -0.000076491059   0.017693510231   0.000391477425
 -0.000211406934  -0.006903573581   0.000226491723
  0.000137814885   0.037338297107  -0.000021164089
  0.000347577721  -0.007235105637   0.000273190925
 -0.000330497018   0.037039680143  -0.000010187562
  0.000416580113   0.044347777745  -0.000141199233
 -0.000388408763   3.600613751306   0.001180679326
  0.000627702878   0.074273038416  -0.000187570298
  0.000119069967  -0.030080426005  -0.000101577880
 -0.000977502466  -0.046487792011   0.001002337065
  0.000027192298   0.067513877921   0.000933977364
 -0.000642475939   0.073878689201  -0.000189199757
 -0.000174264786  -0.030170809852  -0.000157837133
  0.001058111322  -0.046014143508   0.000835144192
 -0.000009670655   0.066427678557   0.000806124501
 -0.000215597015  -4.402506081983  -0.003122486455
  0.000281928091   0.032569691859  -0.001654420126
   19    3  0.0000  0.0000  1.0000
 -2.472170027262   0.000000000000   2.533357798155
 -0.022475650009   0.000000000000   0.067527906466
  2.467818189512   0.000000000000   2.536693701521
  0.021873310701   0.000000000000   0.068012742076
 -0.297167314163  -0.000000000000  -0.222106018673
  0.301432462625   0.000000000000   0.130776118444
  0.297501944862  -0.000000000000  -0.221855571806
 -0.300901009495   0.000000000000   0.130817892658
  0.000574862754   0.000000000000   0.029766342346
  0.003191924959   0.000000000000   2.830198778015
 -0.408409597395  -0.000000000000  -0.707522606210
  0.120430862922   0.000000000000   0.080979430283
  0.025702702889  -0.000000000000  -0.085741253843
  0.483026778564   0.000000000000   0.948199549961
  0.408314063665  -0.000000000000  -0.706539033793
 -0.121060495579   0.000000000000   0.080885231048
 -0.026116555434  -0.000000000000  -0.085569015187
 -0.480929119293   0.000000000000   0.946315665091
 -0.001572251182  -0.000000000000  -8.469322989280
  0.000934916361   0.000000000000   0.115125332728
   20    1  1.0000  0.0000  0.0000
 -0.436434195883   0.000000000000   0.170914695454
  3.579017300930   0.000000000000   2.227963747260
 -0.433033866644  -0.000000000000  -0.171773359610
  3.562877377495  -0.000000000000  -2.223059017445
  0.443703030981  -0.000000000000  -0.071569251831
  0.134873145127  -0.000000000000  -0.199474192699
  0.454269490692   0.000000000000   0.072095818231
  0.124374260888   0.000000000000   0.200438083406
 -0.621924862126   0.000000000000   0.007311015737
  0.255283370384   0.000000000000   0.003170804337
 -0.030700687310   0.000000000000  -0.012241445207
  0.973428512476   0.000000000000   0.347141336498
  0.176080766914  -0.000000000000  -0.175650375469
  0.025874251430   0.000000000000  -0.011835165343
 -0.031899057541   0.000000000000   0.005896686041
  0.974637056591  -0.000000000000  -0.354228648063
  0.171268619480   0.000000000000   0.175742243393
  0.028175414213   0.000000000000   0.014466828753
  0.294736104230   0.000000000000   0.000932457110
 -9.644606032329   0.000000000000  -0.006242260554
   20    2  0.0000  1.0000  0.0000
  0.000122106378   0.017738827369  -0.000412999367
 -0.000106047878   0.248094199803   0.000226756553
 -0.000234907247   0.018137423020  -0.000377176223
  0.000211388082   0.252178781115   0.000245241065
  0.000364463932   0.037580835717   0.000035356185
 -0.000358257553  -0.006479405335  -0.000284436969
 -0.000255310649   0.037423642770  -0.000004726567
  0.000304201680  -0.006974632739  -0.000205477449
  0.000169357080   3.606485146597  -0.001143140852
 -0.000225648126   0.044500990755   0.000150970907
  0.000262206698  -0.029690554441   0.000165588544
  0.000580438217   0.074299341906   0.000196141774
  0.000048146874   0.067514128680  -0.000923249368
 -0.001100530978  -0.046131384576  -0.000943487678
 -0.000150629588  -0.029828087448   0.000146587740
 -0.000559061143   0.074242713691   0.000226657576
 -0.000050661757   0.066046003080  -0.000981120517
  0.001019052004  -0.045679644734  -0.001043186858
 -0.000135988155   0.032902822027   0.001718145862
  0.000095682128  -4.412361147257   0.003207555643
   20    3  0.0000  0.0000  1.0000
  0.048280320390  -0.000000000000   0.017666989692
  2.864720135586   0.000000000000   2.456714395047
 -0.048652106890  -0.000000000000   0.018082191242
 -2.850752555482   0.000000000000   2.455904472324
 -0.070968690873  -0.000000000000  -0.019179297434
  0.129428438584  -0.000000000000  -0.124366891998
  0.070995479103  -0.000000000000  -0.019127137015
 -0.129836084321  -0.000000000000  -0.124944670953
 -0.003702805908   0.000000000000   4.021908942700
 -0.000532204326   0.000000000000  -0.005600377223
 -0.007060731688  -0.000000000000  -0.029007276365
 -0.017261310538  -0.000000000000  -0.107585700456
 -0.232146480257   0.000000000000   0.326938997061
 -0.011463922839  -0.000000000000  -0.004595818129
  0.007020637108  -0.000000000000  -0.029356981241
  0.016858244683  -0.000000000000  -0.107800290092
  0.231085097244   0.000000000000   0.324809011288
  0.011045463619  -0.000000000000  -0.004528807396
 -0.000502748837  -0.000000000000   0.008947962575
 -0.006554174358  -0.000000000000  -9.054879713627
