 BORN EFFECTIVE CHARGES (including local field effects) (in |e|, cummulative output)
 ---------------------------------------------------------------------------------
 ion    1
    1     6.48979    -0.00000    -2.38956
    2    -0.00000     7.11141     0.00000
    3    -0.01375     0.00000     0.06806
 ion    2
    1     6.49879     0.00000     2.38890
    2     0.00000     7.09701     0.00000
    3     0.01367     0.00000     0.06813
 ion    3
    1     6.48919     0.00000     2.38931
    2     0.00000     7.04291     0.00000
    3     0.01365     0.00000     0.06781
 ion    4
    1     6.48868    -0.00000    -2.38717
    2    -0.00000     7.09928     0.00000
    3    -0.01361     0.00000     0.06792
 ion    5
    1    -2.72059     0.00000     0.24766
    2     0.00000    -2.35319    -0.00000
    3    -0.00353    -0.00000    -0.03042
 ion    6
    1    -2.71992    -0.00000    -0.24681
    2     0.00000    -2.36546    -0.00000
    3     0.00350    -0.00000    -0.03038
 ion    7
    1    -2.71961    -0.00000    -0.24887
    2     0.00000    -2.35294    -0.00000
    3     0.00356    -0.00000    -0.03087
 ion    8
    1    -2.71882     0.00000     0.24814
    2     0.00000    -2.35124    -0.00000
    3    -0.00351    -0.00000    -0.03085
 ion    9
    1    -4.59563    -0.00000    -0.00897
    2     0.00000    -5.74990    -0.00000
    3    -0.00005    -0.00000    -0.06766
 ion   10
    1    -4.59642     0.00000     0.00367
    2     0.00000    -5.73510    -0.00000
    3     0.00012    -0.00000    -0.06766
 ion   11
    1    -0.03340     0.00000     0.12491
    2     0.00000    -0.87786    -0.00000
    3     0.01298    -0.00000    -0.02078
 ion   12
    1    -0.03380    -0.00000    -0.12552
    2    -0.00000    -0.87185    -0.00000
    3    -0.01283    -0.00000    -0.02052
 ion   13
    1     1.00230    -0.00000    -0.09530
    2     0.00000     0.05486     0.00000
    3     0.00485     0.00000     0.03080
 ion   14
    1     1.00408     0.00000     0.09693
    2     0.00000     0.05258     0.00000
    3    -0.00496     0.00000     0.03071
 ion   15
    1    -0.02991    -0.00000    -0.12915
    2    -0.00000    -0.85289    -0.00000
    3    -0.01279    -0.00000    -0.01995
 ion   16
    1    -0.02857     0.00000     0.13061
    2     0.00000    -0.87498    -0.00000
    3     0.01285    -0.00000    -0.02004
 ion   17
    1     0.99805     0.00000     0.09629
    2     0.00000     0.04034     0.00000
    3    -0.00529     0.00000     0.03024
 ion   18
    1     0.99913    -0.00000    -0.09512
    2     0.00000     0.05139     0.00000
    3     0.00529     0.00000     0.02993
 ion   19
    1    -4.88480    -0.00000    -0.00415
    2     0.00000    -2.08206    -0.00000
    3     0.00040    -0.00000    -0.02727
 ion   20
    1    -4.88853     0.00000     0.00422
    2    -0.00000    -2.08231    -0.00000
    3    -0.00051    -0.00000    -0.02721
