 Eigenvectors and eigenvalues of the dynamical matrix
 ----------------------------------------------------
 
 
   1 f  =    7.478758 THz    46.990420 2PiTHz  249.464502 cm-1    30.929642 meV
             X         Y         Z           dx          dy          dz
     15.518985  0.929341 12.441821    -0.003692    0.000000   -0.006969  
      6.616854  2.788024 12.594077    -0.004045   -0.000000    0.007802  
      2.299255  0.929341 12.441442     0.003109    0.000000   -0.007418  
     11.201891  2.788024 12.594295     0.002561   -0.000000    0.007026  
     12.978330  0.929341 11.777452     0.040989    0.000000    0.038248  
      4.075984  2.788024 13.259029     0.044958   -0.000000   -0.042436  
      4.839461  0.929341 11.777088    -0.036644    0.000000    0.043668  
     13.741567  2.788024 13.259193    -0.032835   -0.000000   -0.039364  
      8.907040  0.929341 12.370505    -0.000642    0.000000    0.023536  
      0.005627  2.788024 12.664576    -0.001055   -0.000000   -0.020749  
     14.311903  2.788024 10.580802    -0.000804   -0.000000    0.004120  
      5.409563  0.929341 14.455386    -0.000948    0.000000   -0.004493  
     10.693180  0.929341 10.562509    -0.006748   -0.000000   -0.014384  
      1.790519  2.788024 14.473367    -0.007686    0.000000    0.015004  
      3.506921  2.788024 10.580402    -0.000058   -0.000000    0.002831  
     12.408767  0.929341 14.455686    -0.000025    0.000000   -0.002476  
      7.123465  0.929341 10.561065     0.006434   -0.000000   -0.014666  
     16.025723  2.788024 14.474552     0.005865    0.000000    0.012971  
      0.007149  0.929341 10.898066     0.000188    0.000000    0.004810  
      8.908990  2.788024 14.136629     0.000249   -0.000000   -0.005996  
 
   2 f  =    7.442271 THz    46.761167 2PiTHz  248.247434 cm-1    30.778745 meV
             X         Y         Z           dx          dy          dz
     15.518985  0.929341 12.441821     0.005670    0.000000    0.007073  
      6.616854  2.788024 12.594077    -0.005352   -0.000000    0.006244  
      2.299255  0.929341 12.441442     0.003341    0.000000   -0.006019  
     11.201891  2.788024 12.594295    -0.003645   -0.000000   -0.006712  
     12.978330  0.929341 11.777452    -0.049206   -0.000000   -0.044206  
      4.075984  2.788024 13.259029     0.045385   -0.000000   -0.040480  
      4.839461  0.929341 11.777088    -0.032195    0.000000    0.042192  
     13.741567  2.788024 13.259193     0.035766    0.000000    0.046088  
      8.907040  0.929341 12.370505     0.003572   -0.000000   -0.000691  
      0.005627  2.788024 12.664576    -0.003517   -0.000000    0.001802  
     14.311903  2.788024 10.580802     0.000733    0.000000   -0.005080  
      5.409563  0.929341 14.455386    -0.000704    0.000000   -0.004710  
     10.693180  0.929341 10.562509     0.009535    0.000000    0.012777  
      1.790519  2.788024 14.473367    -0.008945    0.000000    0.011426  
      3.506921  2.788024 10.580402     0.000149   -0.000000    0.002211  
     12.408767  0.929341 14.455686    -0.000183    0.000000    0.002498  
      7.123465  0.929341 10.561065     0.007013    0.000000   -0.010495  
     16.025723  2.788024 14.474552    -0.007646    0.000000   -0.011972  
      0.007149  0.929341 10.898066    -0.000316    0.000000   -0.000300  
      8.908990  2.788024 14.136629     0.000603    0.000000    0.000462  
 
   3 f  =    7.203082 THz    45.258300 2PiTHz  240.268956 cm-1    29.789541 meV
             X         Y         Z           dx          dy          dz
     15.518985  0.929341 12.441821     0.000000   -0.003417    0.000000  
      6.616854  2.788024 12.594077    -0.000000    0.005140    0.000000  
      2.299255  0.929341 12.441442     0.000000   -0.005141   -0.000000  
     11.201891  2.788024 12.594295    -0.000000    0.003419    0.000000  
     12.978330  0.929341 11.777452    -0.000000   -0.048561    0.000000  
      4.075984  2.788024 13.259029     0.000000    0.072761   -0.000000  
      4.839461  0.929341 11.777088     0.000000   -0.072915   -0.000000  
     13.741567  2.788024 13.259193     0.000000    0.048753   -0.000000  
      8.907040  0.929341 12.370505    -0.000000    0.000372    0.000000  
      0.005627  2.788024 12.664576    -0.000000   -0.000383   -0.000000  
     14.311903  2.788024 10.580802     0.000000    0.009993   -0.000000  
      5.409563  0.929341 14.455386    -0.000000   -0.015004    0.000000  
     10.693180  0.929341 10.562509    -0.000000   -0.000498   -0.000000  
      1.790519  2.788024 14.473367    -0.000000    0.000799    0.000000  
      3.506921  2.788024 10.580402     0.000000    0.015412    0.000000  
     12.408767  0.929341 14.455686     0.000000   -0.010293    0.000000  
      7.123465  0.929341 10.561065     0.000000   -0.000841   -0.000000  
     16.025723  2.788024 14.474552    -0.000000    0.000518   -0.000000  
      0.007149  0.929341 10.898066     0.000000   -0.000256   -0.000000  
      8.908990  2.788024 14.136629     0.000000    0.000246   -0.000000  
 
   4 f  =    7.193557 THz    45.198454 2PiTHz  239.951245 cm-1    29.750149 meV
             X         Y         Z           dx          dy          dz
     15.518985  0.929341 12.441821    -0.000000   -0.005191    0.000000  
      6.616854  2.788024 12.594077     0.000000   -0.003483   -0.000000  
      2.299255  0.929341 12.441442    -0.000000    0.003493    0.000000  
     11.201891  2.788024 12.594295    -0.000000    0.005211    0.000000  
     12.978330  0.929341 11.777452    -0.000000   -0.072619   -0.000000  
      4.075984  2.788024 13.259029     0.000000   -0.048543    0.000000  
      4.839461  0.929341 11.777088     0.000000    0.048678    0.000000  
     13.741567  2.788024 13.259193    -0.000000    0.072980   -0.000000  
      8.907040  0.929341 12.370505     0.000000    0.000067   -0.000000  
      0.005627  2.788024 12.664576    -0.000000   -0.000092   -0.000000  
     14.311903  2.788024 10.580802    -0.000000    0.015039    0.000000  
      5.409563  0.929341 14.455386     0.000000    0.010072    0.000000  
     10.693180  0.929341 10.562509    -0.000000   -0.000893    0.000000  
      1.790519  2.788024 14.473367     0.000000   -0.000633    0.000000  
      3.506921  2.788024 10.580402    -0.000000   -0.010340   -0.000000  
     12.408767  0.929341 14.455686     0.000000   -0.015480   -0.000000  
      7.123465  0.929341 10.561065    -0.000000    0.000672    0.000000  
     16.025723  2.788024 14.474552     0.000000    0.000944    0.000000  
      0.007149  0.929341 10.898066     0.000000   -0.000022   -0.000000  
      8.908990  2.788024 14.136629     0.000000    0.000073   -0.000000  
 
   5 f  =    7.051787 THz    44.307683 2PiTHz  235.222289 cm-1    29.163834 meV
             X         Y         Z           dx          dy          dz
     15.518985  0.929341 12.441821    -0.009581   -0.000000   -0.000652  
      6.616854  2.788024 12.594077     0.010621   -0.000000   -0.000227  
      2.299255  0.929341 12.441442     0.010964    0.000000   -0.002279  
     11.201891  2.788024 12.594295    -0.011171    0.000000   -0.001648  
     12.978330  0.929341 11.777452     0.050272   -0.000000   -0.017288  
      4.075984  2.788024 13.259029    -0.054628   -0.000000   -0.015951  
      4.839461  0.929341 11.777088    -0.058693    0.000000   -0.005261  
     13.741567  2.788024 13.259193     0.057990    0.000000   -0.002727  
      8.907040  0.929341 12.370505     0.000984   -0.000000   -0.001033  
      0.005627  2.788024 12.664576    -0.000433   -0.000000   -0.008118  
     14.311903  2.788024 10.580802    -0.000907    0.000000    0.012855  
      5.409563  0.929341 14.455386     0.001083    0.000000    0.013642  
     10.693180  0.929341 10.562509    -0.007655   -0.000000   -0.004317  
      1.790519  2.788024 14.473367     0.008784    0.000000   -0.003523  
      3.506921  2.788024 10.580402     0.002535    0.000000    0.013959  
     12.408767  0.929341 14.455686    -0.002410    0.000000    0.013380  
      7.123465  0.929341 10.561065     0.009912    0.000000   -0.007666  
     16.025723  2.788024 14.474552    -0.010432   -0.000000   -0.006387  
      0.007149  0.929341 10.898066     0.000042    0.000000    0.001568  
      8.908990  2.788024 14.136629    -0.000069    0.000000   -0.002007  
 
   6 f  =    6.975135 THz    43.826067 2PiTHz  232.665469 cm-1    28.846829 meV
             X         Y         Z           dx          dy          dz
     15.518985  0.929341 12.441821     0.001245    0.000000    0.006267  
      6.616854  2.788024 12.594077     0.003726    0.000000    0.009230  
      2.299255  0.929341 12.441442     0.000934    0.000000    0.005958  
     11.201891  2.788024 12.594295    -0.001463    0.000000    0.009644  
     12.978330  0.929341 11.777452    -0.011997    0.000000    0.001603  
      4.075984  2.788024 13.259029    -0.015093   -0.000000    0.011132  
      4.839461  0.929341 11.777088    -0.004673    0.000000   -0.001909  
     13.741567  2.788024 13.259193    -0.002043   -0.000000    0.014101  
      8.907040  0.929341 12.370505     0.003271    0.000000    0.093914  
      0.005627  2.788024 12.664576     0.003143    0.000000    0.043011  
     14.311903  2.788024 10.580802     0.000255   -0.000000   -0.005602  
      5.409563  0.929341 14.455386     0.000225    0.000000   -0.000737  
     10.693180  0.929341 10.562509     0.008143   -0.000000   -0.019856  
      1.790519  2.788024 14.473367     0.000051   -0.000000   -0.014681  
      3.506921  2.788024 10.580402     0.000652   -0.000000   -0.001326  
     12.408767  0.929341 14.455686     0.000501    0.000000   -0.005029  
      7.123465  0.929341 10.561065    -0.006336   -0.000000   -0.023020  
     16.025723  2.788024 14.474552     0.001878   -0.000000   -0.011538  
      0.007149  0.929341 10.898066     0.000068   -0.000000   -0.009882  
      8.908990  2.788024 14.136629    -0.000054   -0.000000   -0.025701  
 
   7 f  =    6.931791 THz    43.553726 2PiTHz  231.219651 cm-1    28.667570 meV
             X         Y         Z           dx          dy          dz
     15.518985  0.929341 12.441821    -0.007487    0.000000    0.001302  
      6.616854  2.788024 12.594077    -0.006657   -0.000000    0.001999  
      2.299255  0.929341 12.441442    -0.006496    0.000000    0.003847  
     11.201891  2.788024 12.594295    -0.007662   -0.000000   -0.000452  
     12.978330  0.929341 11.777452     0.055466    0.000000   -0.012101  
      4.075984  2.788024 13.259029     0.051231   -0.000000    0.014349  
      4.839461  0.929341 11.777088     0.051149    0.000000    0.008732  
     13.741567  2.788024 13.259193     0.055411   -0.000000   -0.006473  
      8.907040  0.929341 12.370505    -0.019809    0.000000    0.005918  
      0.005627  2.788024 12.664576    -0.019876    0.000000    0.022964  
     14.311903  2.788024 10.580802    -0.001715    0.000000    0.013393  
      5.409563  0.929341 14.455386    -0.001678    0.000000   -0.014065  
     10.693180  0.929341 10.562509    -0.006134   -0.000000   -0.011550  
      1.790519  2.788024 14.473367    -0.007146    0.000000    0.003468  
      3.506921  2.788024 10.580402    -0.003005    0.000000   -0.014191  
     12.408767  0.929341 14.455686    -0.003249    0.000000    0.013649  
      7.123465  0.929341 10.561065    -0.006322    0.000000    0.008109  
     16.025723  2.788024 14.474552    -0.005208   -0.000000   -0.016118  
      0.007149  0.929341 10.898066    -0.000871    0.000000   -0.005096  
      8.908990  2.788024 14.136629    -0.000591   -0.000000   -0.001766  
 
   8 f  =    6.824556 THz    42.879950 2PiTHz  227.642683 cm-1    28.224083 meV
             X         Y         Z           dx          dy          dz
     15.518985  0.929341 12.441821     0.002500   -0.000000   -0.008144  
      6.616854  2.788024 12.594077     0.000957   -0.000000    0.002083  
      2.299255  0.929341 12.441442    -0.004629    0.000000   -0.007791  
     11.201891  2.788024 12.594295    -0.003196   -0.000000    0.001768  
     12.978330  0.929341 11.777452    -0.007828    0.000000   -0.021524  
      4.075984  2.788024 13.259029    -0.000295   -0.000000    0.017523  
      4.839461  0.929341 11.777088     0.024324    0.000000   -0.018391  
     13.741567  2.788024 13.259193     0.016754   -0.000000    0.013548  
      8.907040  0.929341 12.370505    -0.003391    0.000000    0.043903  
      0.005627  2.788024 12.664576    -0.003807   -0.000000   -0.092557  
     14.311903  2.788024 10.580802    -0.000087   -0.000000    0.003161  
      5.409563  0.929341 14.455386    -0.000401    0.000000   -0.001777  
     10.693180  0.929341 10.562509     0.006854   -0.000000   -0.006544  
      1.790519  2.788024 14.473367     0.008668    0.000000    0.020926  
      3.506921  2.788024 10.580402    -0.000839   -0.000000   -0.001349  
     12.408767  0.929341 14.455686    -0.000259    0.000000    0.002808  
      7.123465  0.929341 10.561065    -0.008791   -0.000000   -0.003128  
     16.025723  2.788024 14.474552    -0.010328    0.000000    0.017516  
      0.007149  0.929341 10.898066    -0.000285   -0.000000    0.021125  
      8.908990  2.788024 14.136629    -0.000208   -0.000000   -0.012451  
 
   9 f  =    6.326737 THz    39.752063 2PiTHz  211.037241 cm-1    26.165271 meV
             X         Y         Z           dx          dy          dz
     15.518985  0.929341 12.441821    -0.008167   -0.000000   -0.005308  
      6.616854  2.788024 12.594077     0.009199    0.000000   -0.006237  
      2.299255  0.929341 12.441442    -0.008253   -0.000000    0.005320  
     11.201891  2.788024 12.594295     0.008921    0.000000    0.006345  
     12.978330  0.929341 11.777452     0.000010   -0.000000   -0.015218  
      4.075984  2.788024 13.259029    -0.000443    0.000000   -0.017000  
      4.839461  0.929341 11.777088     0.000293   -0.000000    0.015808  
     13.741567  2.788024 13.259193    -0.000260    0.000000    0.017179  
      8.907040  0.929341 12.370505    -0.072851   -0.000000    0.000134  
      0.005627  2.788024 12.664576     0.067938   -0.000000   -0.000258  
     14.311903  2.788024 10.580802    -0.003383    0.000000    0.002109  
      5.409563  0.929341 14.455386     0.003800   -0.000000    0.003170  
     10.693180  0.929341 10.562509     0.009890   -0.000000   -0.020000  
      1.790519  2.788024 14.473367    -0.009491   -0.000000   -0.017673  
      3.506921  2.788024 10.580402    -0.002886   -0.000000   -0.002483  
     12.408767  0.929341 14.455686     0.003181    0.000000   -0.003255  
      7.123465  0.929341 10.561065     0.009988    0.000000    0.019931  
     16.025723  2.788024 14.474552    -0.009656    0.000000    0.017861  
      0.007149  0.929341 10.898066     0.010931    0.000000   -0.000003  
      8.908990  2.788024 14.136629    -0.012714   -0.000000   -0.000161  
 
  10 f  =    6.242272 THz    39.221351 2PiTHz  208.219779 cm-1    25.815951 meV
             X         Y         Z           dx          dy          dz
     15.518985  0.929341 12.441821     0.006622    0.000000    0.016546  
      6.616854  2.788024 12.594077     0.006218   -0.000000   -0.015518  
      2.299255  0.929341 12.441442     0.006573    0.000000   -0.016303  
     11.201891  2.788024 12.594295     0.006100   -0.000000    0.015600  
     12.978330  0.929341 11.777452    -0.004672    0.000000    0.021329  
      4.075984  2.788024 13.259029    -0.004381   -0.000000   -0.019354  
      4.839461  0.929341 11.777088    -0.003984    0.000000   -0.019542  
     13.741567  2.788024 13.259193    -0.004429   -0.000000    0.017955  
      8.907040  0.929341 12.370505    -0.042150   -0.000000    0.000103  
      0.005627  2.788024 12.664576    -0.048174   -0.000000    0.000158  
     14.311903  2.788024 10.580802     0.002467   -0.000000   -0.012387  
      5.409563  0.929341 14.455386     0.002192    0.000000    0.011924  
     10.693180  0.929341 10.562509     0.000558    0.000000   -0.026094  
      1.790519  2.788024 14.473367     0.001377    0.000000    0.027874  
      3.506921  2.788024 10.580402     0.002138   -0.000000    0.012028  
     12.408767  0.929341 14.455686     0.002061    0.000000   -0.011904  
      7.123465  0.929341 10.561065     0.000706   -0.000000    0.026036  
     16.025723  2.788024 14.474552     0.001457   -0.000000   -0.028036  
      0.007149  0.929341 10.898066    -0.000573   -0.000000   -0.000064  
      8.908990  2.788024 14.136629    -0.000632    0.000000   -0.000065  
 
  11 f  =    6.043392 THz    37.971750 2PiTHz  201.585849 cm-1    24.993449 meV
             X         Y         Z           dx          dy          dz
     15.518985  0.929341 12.441821     0.002578    0.000000    0.011444  
      6.616854  2.788024 12.594077     0.002747   -0.000000   -0.013020  
      2.299255  0.929341 12.441442    -0.002710    0.000000    0.013662  
     11.201891  2.788024 12.594295    -0.002787    0.000000   -0.012896  
     12.978330  0.929341 11.777452    -0.031150   -0.000000    0.038614  
      4.075984  2.788024 13.259029    -0.033940    0.000000   -0.043294  
      4.839461  0.929341 11.777088     0.035220   -0.000000    0.049270  
     13.741567  2.788024 13.259193     0.031388   -0.000000   -0.045612  
      8.907040  0.929341 12.370505    -0.002073    0.000000    0.015999  
      0.005627  2.788024 12.664576    -0.005239   -0.000000   -0.016173  
     14.311903  2.788024 10.580802     0.003623    0.000000   -0.009083  
      5.409563  0.929341 14.455386     0.003902   -0.000000    0.010390  
     10.693180  0.929341 10.562509     0.007446   -0.000000    0.007462  
      1.790519  2.788024 14.473367     0.008049    0.000000   -0.007017  
      3.506921  2.788024 10.580402    -0.004717    0.000000   -0.013261  
     12.408767  0.929341 14.455686    -0.004344    0.000000    0.012335  
      7.123465  0.929341 10.561065    -0.006214   -0.000000    0.007858  
     16.025723  2.788024 14.474552    -0.004919   -0.000000   -0.006863  
      0.007149  0.929341 10.898066    -0.000752   -0.000000    0.002045  
      8.908990  2.788024 14.136629    -0.000504   -0.000000   -0.002276  
 
  12 f  =    5.995688 THz    37.672020 2PiTHz  199.994628 cm-1    24.796162 meV
             X         Y         Z           dx          dy          dz
     15.518985  0.929341 12.441821    -0.001162   -0.000000    0.012689  
      6.616854  2.788024 12.594077     0.001425   -0.000000    0.011708  
      2.299255  0.929341 12.441442    -0.000131    0.000000   -0.013350  
     11.201891  2.788024 12.594295    -0.000176   -0.000000   -0.014964  
     12.978330  0.929341 11.777452    -0.032406   -0.000000    0.039571  
      4.075984  2.788024 13.259029     0.029379   -0.000000    0.035880  
      4.839461  0.929341 11.777088    -0.029675    0.000000   -0.044648  
     13.741567  2.788024 13.259193     0.032668    0.000000   -0.049623  
      8.907040  0.929341 12.370505    -0.027436   -0.000000    0.003118  
      0.005627  2.788024 12.664576     0.026895    0.000000    0.001782  
     14.311903  2.788024 10.580802     0.001948    0.000000   -0.009056  
      5.409563  0.929341 14.455386    -0.001599    0.000000   -0.008200  
     10.693180  0.929341 10.562509     0.010762    0.000000    0.006598  
      1.790519  2.788024 14.473367    -0.009844   -0.000000    0.005461  
      3.506921  2.788024 10.580402     0.003693   -0.000000    0.012420  
     12.408767  0.929341 14.455686    -0.004104   -0.000000    0.013833  
      7.123465  0.929341 10.561065     0.007876   -0.000000   -0.003590  
     16.025723  2.788024 14.474552    -0.008162    0.000000   -0.004118  
      0.007149  0.929341 10.898066     0.004197   -0.000000   -0.000455  
      8.908990  2.788024 14.136629    -0.004656    0.000000   -0.000891  
 
  13 f  =    5.884981 THz    36.976425 2PiTHz  196.301829 cm-1    24.338314 meV
             X         Y         Z           dx          dy          dz
     15.518985  0.929341 12.441821    -0.003240   -0.000000   -0.014706  
      6.616854  2.788024 12.594077     0.003814    0.000000   -0.014772  
      2.299255  0.929341 12.441442     0.003510   -0.000000   -0.011380  
     11.201891  2.788024 12.594295    -0.004093   -0.000000   -0.011237  
     12.978330  0.929341 11.777452    -0.004428    0.000000   -0.040283  
      4.075984  2.788024 13.259029     0.006706    0.000000   -0.040438  
      4.839461  0.929341 11.777088     0.010295   -0.000000   -0.033214  
     13.741567  2.788024 13.259193    -0.011669    0.000000   -0.031421  
      8.907040  0.929341 12.370505     0.003062    0.000000    0.027190  
      0.005627  2.788024 12.664576    -0.002366    0.000000    0.031476  
     14.311903  2.788024 10.580802    -0.004430   -0.000000    0.017133  
      5.409563  0.929341 14.455386     0.004196    0.000000    0.017500  
     10.693180  0.929341 10.562509     0.014156    0.000000    0.016167  
      1.790519  2.788024 14.473367    -0.015331    0.000000    0.015258  
      3.506921  2.788024 10.580402     0.004263    0.000000    0.015208  
     12.408767  0.929341 14.455686    -0.004016   -0.000000    0.014952  
      7.123465  0.929341 10.561065    -0.016588    0.000000    0.018184  
     16.025723  2.788024 14.474552     0.017091    0.000000    0.016934  
      0.007149  0.929341 10.898066    -0.000798   -0.000000   -0.007494  
      8.908990  2.788024 14.136629     0.000820   -0.000000   -0.008933  
 
  14 f  =    5.790217 THz    36.381005 2PiTHz  193.140841 cm-1    23.946402 meV
             X         Y         Z           dx          dy          dz
     15.518985  0.929341 12.441821    -0.001419   -0.000000    0.007179  
      6.616854  2.788024 12.594077    -0.002450   -0.000000   -0.007462  
      2.299255  0.929341 12.441442    -0.002127   -0.000000   -0.004138  
     11.201891  2.788024 12.594295    -0.002584   -0.000000    0.005048  
     12.978330  0.929341 11.777452     0.014042   -0.000000    0.035504  
      4.075984  2.788024 13.259029     0.014821    0.000000   -0.034771  
      4.839461  0.929341 11.777088     0.018033    0.000000   -0.030123  
     13.741567  2.788024 13.259193     0.019155    0.000000    0.029769  
      8.907040  0.929341 12.370505     0.054847    0.000000    0.001368  
      0.005627  2.788024 12.664576     0.056601    0.000000   -0.002371  
     14.311903  2.788024 10.580802     0.001759    0.000000   -0.012378  
      5.409563  0.929341 14.455386     0.001500   -0.000000    0.011774  
     10.693180  0.929341 10.562509    -0.019775    0.000000   -0.003027  
      1.790519  2.788024 14.473367    -0.019500    0.000000    0.001638  
      3.506921  2.788024 10.580402     0.002099   -0.000000    0.010374  
     12.408767  0.929341 14.455686     0.001896   -0.000000   -0.010107  
      7.123465  0.929341 10.561065    -0.021098   -0.000000    0.004444  
     16.025723  2.788024 14.474552    -0.021613    0.000000   -0.003755  
      0.007149  0.929341 10.898066     0.002092   -0.000000    0.000381  
      8.908990  2.788024 14.136629     0.004121   -0.000000   -0.000021  
 
  15 f  =    5.476957 THz    34.412734 2PiTHz  182.691613 cm-1    22.650863 meV
             X         Y         Z           dx          dy          dz
     15.518985  0.929341 12.441821    -0.014908   -0.000000    0.013901  
      6.616854  2.788024 12.594077     0.016287   -0.000000    0.016296  
      2.299255  0.929341 12.441442    -0.014896   -0.000000   -0.015869  
     11.201891  2.788024 12.594295     0.015211   -0.000000   -0.018138  
     12.978330  0.929341 11.777452     0.020279    0.000000   -0.002652  
      4.075984  2.788024 13.259029    -0.017153    0.000000   -0.007038  
      4.839461  0.929341 11.777088     0.020332    0.000000    0.004834  
     13.741567  2.788024 13.259193    -0.017940    0.000000    0.009649  
      8.907040  0.929341 12.370505     0.003809    0.000000    0.000942  
      0.005627  2.788024 12.664576    -0.002407   -0.000000    0.001405  
     14.311903  2.788024 10.580802    -0.004251   -0.000000    0.005778  
      5.409563  0.929341 14.455386     0.005292   -0.000000    0.006926  
     10.693180  0.929341 10.562509     0.001534   -0.000000    0.019061  
      1.790519  2.788024 14.473367    -0.002597    0.000000    0.017682  
      3.506921  2.788024 10.580402    -0.005224   -0.000000   -0.006585  
     12.408767  0.929341 14.455686     0.006423   -0.000000   -0.007611  
      7.123465  0.929341 10.561065     0.000819    0.000000   -0.016548  
     16.025723  2.788024 14.474552    -0.001411   -0.000000   -0.015526  
      0.007149  0.929341 10.898066     0.033709    0.000000   -0.000238  
      8.908990  2.788024 14.136629    -0.040480   -0.000000   -0.000881  
 
  16 f  =    5.292419 THz    33.253249 2PiTHz  176.536094 cm-1    21.887676 meV
             X         Y         Z           dx          dy          dz
     15.518985  0.929341 12.441821     0.000000   -0.002739   -0.000000  
      6.616854  2.788024 12.594077     0.000000   -0.012227    0.000000  
      2.299255  0.929341 12.441442     0.000000   -0.012264    0.000000  
     11.201891  2.788024 12.594295    -0.000000   -0.002768   -0.000000  
     12.978330  0.929341 11.777452    -0.000000    0.016549    0.000000  
      4.075984  2.788024 13.259029    -0.000000    0.075871    0.000000  
      4.839461  0.929341 11.777088    -0.000000    0.075212    0.000000  
     13.741567  2.788024 13.259193     0.000000    0.016336    0.000000  
      8.907040  0.929341 12.370505    -0.000000    0.016074    0.000000  
      0.005627  2.788024 12.664576    -0.000000    0.014788    0.000000  
     14.311903  2.788024 10.580802    -0.000000   -0.005790    0.000000  
      5.409563  0.929341 14.455386     0.000000   -0.026729   -0.000000  
     10.693180  0.929341 10.562509    -0.000000    0.001851    0.000000  
      1.790519  2.788024 14.473367     0.000000    0.006971   -0.000000  
      3.506921  2.788024 10.580402    -0.000000   -0.027084   -0.000000  
     12.408767  0.929341 14.455686     0.000000   -0.005905    0.000000  
      7.123465  0.929341 10.561065    -0.000000    0.006918    0.000000  
     16.025723  2.788024 14.474552     0.000000    0.001855    0.000000  
      0.007149  0.929341 10.898066    -0.000000   -0.004873    0.000000  
      8.908990  2.788024 14.136629     0.000000   -0.005395    0.000000  
 
  17 f  =    5.285473 THz    33.209603 2PiTHz  176.304387 cm-1    21.858948 meV
             X         Y         Z           dx          dy          dz
     15.518985  0.929341 12.441821     0.000000    0.012264   -0.000000  
      6.616854  2.788024 12.594077     0.000000   -0.002906    0.000000  
      2.299255  0.929341 12.441442    -0.000000   -0.002917    0.000000  
     11.201891  2.788024 12.594295     0.000000    0.012380    0.000000  
     12.978330  0.929341 11.777452    -0.000000   -0.076285   -0.000000  
      4.075984  2.788024 13.259029     0.000000    0.018569    0.000000  
      4.839461  0.929341 11.777088    -0.000000    0.018461   -0.000000  
     13.741567  2.788024 13.259193     0.000000   -0.075500    0.000000  
      8.907040  0.929341 12.370505     0.000000   -0.009742    0.000000  
      0.005627  2.788024 12.664576    -0.000000   -0.010252    0.000000  
     14.311903  2.788024 10.580802    -0.000000    0.026980    0.000000  
      5.409563  0.929341 14.455386    -0.000000   -0.006607    0.000000  
     10.693180  0.929341 10.562509    -0.000000   -0.006889   -0.000000  
      1.790519  2.788024 14.473367    -0.000000    0.001335   -0.000000  
      3.506921  2.788024 10.580402    -0.000000   -0.006635    0.000000  
     12.408767  0.929341 14.455686    -0.000000    0.027223   -0.000000  
      7.123465  0.929341 10.561065    -0.000000    0.001324    0.000000  
     16.025723  2.788024 14.474552     0.000000   -0.006819   -0.000000  
      0.007149  0.929341 10.898066     0.000000    0.003461    0.000000  
      8.908990  2.788024 14.136629    -0.000000    0.003212   -0.000000  
 
  18 f  =    5.147540 THz    32.342949 2PiTHz  171.703459 cm-1    21.288506 meV
             X         Y         Z           dx          dy          dz
     15.518985  0.929341 12.441821     0.007542    0.000000   -0.020393  
      6.616854  2.788024 12.594077     0.005716    0.000000    0.019301  
      2.299255  0.929341 12.441442     0.003591    0.000000    0.023590  
     11.201891  2.788024 12.594295     0.001666   -0.000000   -0.018577  
     12.978330  0.929341 11.777452     0.008178    0.000000    0.031166  
      4.075984  2.788024 13.259029     0.013766   -0.000000   -0.032447  
      4.839461  0.929341 11.777088     0.006250   -0.000000   -0.033749  
     13.741567  2.788024 13.259193     0.009596    0.000000    0.029690  
      8.907040  0.929341 12.370505    -0.022107    0.000000   -0.001046  
      0.005627  2.788024 12.664576    -0.025646   -0.000000   -0.001711  
     14.311903  2.788024 10.580802     0.006395   -0.000000   -0.006631  
      5.409563  0.929341 14.455386     0.005937    0.000000    0.006624  
     10.693180  0.929341 10.562509     0.002033   -0.000000    0.006584  
      1.790519  2.788024 14.473367     0.003286    0.000000   -0.010379  
      3.506921  2.788024 10.580402     0.008213   -0.000000    0.005750  
     12.408767  0.929341 14.455686     0.007072    0.000000   -0.005164  
      7.123465  0.929341 10.561065     0.003532    0.000000   -0.005059  
     16.025723  2.788024 14.474552     0.004093    0.000000    0.006636  
      0.007149  0.929341 10.898066    -0.034204    0.000000    0.002096  
      8.908990  2.788024 14.136629    -0.030598   -0.000000   -0.002620  
 
  19 f  =    5.103747 THz    32.067786 2PiTHz  170.242665 cm-1    21.107391 meV
             X         Y         Z           dx          dy          dz
     15.518985  0.929341 12.441821     0.000000    0.001102    0.000000  
      6.616854  2.788024 12.594077    -0.000000   -0.000812    0.000000  
      2.299255  0.929341 12.441442    -0.000000    0.001253    0.000000  
     11.201891  2.788024 12.594295     0.000000   -0.000911    0.000000  
     12.978330  0.929341 11.777452    -0.000000   -0.001980   -0.000000  
      4.075984  2.788024 13.259029     0.000000   -0.002532   -0.000000  
      4.839461  0.929341 11.777088     0.000000   -0.002791   -0.000000  
     13.741567  2.788024 13.259193    -0.000000   -0.001684   -0.000000  
      8.907040  0.929341 12.370505     0.000000    0.090627   -0.000000  
      0.005627  2.788024 12.664576     0.000000   -0.067439   -0.000000  
     14.311903  2.788024 10.580802    -0.000000    0.000526    0.000000  
      5.409563  0.929341 14.455386     0.000000    0.000867    0.000000  
     10.693180  0.929341 10.562509    -0.000000   -0.001335   -0.000000  
      1.790519  2.788024 14.473367     0.000000    0.000734   -0.000000  
      3.506921  2.788024 10.580402     0.000000    0.000668    0.000000  
     12.408767  0.929341 14.455686    -0.000000    0.000763    0.000000  
      7.123465  0.929341 10.561065    -0.000000   -0.001390   -0.000000  
     16.025723  2.788024 14.474552    -0.000000    0.000814   -0.000000  
      0.007149  0.929341 10.898066     0.000000    0.026166    0.000000  
      8.908990  2.788024 14.136629     0.000000   -0.035497    0.000000  
 
  20 f  =    5.094760 THz    32.011319 2PiTHz  169.942891 cm-1    21.070224 meV
             X         Y         Z           dx          dy          dz
     15.518985  0.929341 12.441821    -0.003812    0.000000   -0.019659  
      6.616854  2.788024 12.594077     0.011377    0.000000   -0.020137  
      2.299255  0.929341 12.441442     0.007887    0.000000   -0.019550  
     11.201891  2.788024 12.594295    -0.014804   -0.000000   -0.021754  
     12.978330  0.929341 11.777452     0.012182   -0.000000    0.040750  
      4.075984  2.788024 13.259029    -0.005771   -0.000000    0.040145  
      4.839461  0.929341 11.777088    -0.011669   -0.000000    0.037913  
     13.741567  2.788024 13.259193     0.006290   -0.000000    0.040380  
      8.907040  0.929341 12.370505    -0.002538    0.000000    0.017770  
      0.005627  2.788024 12.664576     0.001775   -0.000000    0.019297  
     14.311903  2.788024 10.580802     0.005225    0.000000   -0.009926  
      5.409563  0.929341 14.455386    -0.005762    0.000000   -0.006781  
     10.693180  0.929341 10.562509     0.000115   -0.000000    0.018028  
      1.790519  2.788024 14.473367    -0.002812    0.000000    0.012665  
      3.506921  2.788024 10.580402    -0.007399    0.000000   -0.006754  
     12.408767  0.929341 14.455686     0.008503    0.000000   -0.004542  
      7.123465  0.929341 10.561065     0.001053   -0.000000    0.017997  
     16.025723  2.788024 14.474552     0.001840   -0.000000    0.013297  
      0.007149  0.929341 10.898066    -0.003395    0.000000    0.000987  
      8.908990  2.788024 14.136629     0.001913   -0.000000   -0.009119  
 
  21 f  =    5.072930 THz    31.874159 2PiTHz  169.214727 cm-1    20.979943 meV
             X         Y         Z           dx          dy          dz
     15.518985  0.929341 12.441821     0.000000   -0.000561   -0.000000  
      6.616854  2.788024 12.594077     0.000000   -0.000786   -0.000000  
      2.299255  0.929341 12.441442    -0.000000   -0.000502   -0.000000  
     11.201891  2.788024 12.594295    -0.000000   -0.000951   -0.000000  
     12.978330  0.929341 11.777452     0.000000    0.013204    0.000000  
      4.075984  2.788024 13.259029    -0.000000    0.012707    0.000000  
      4.839461  0.929341 11.777088    -0.000000    0.012494    0.000000  
     13.741567  2.788024 13.259193    -0.000000    0.013045    0.000000  
      8.907040  0.929341 12.370505     0.000000   -0.064285    0.000000  
      0.005627  2.788024 12.664576     0.000000   -0.088372    0.000000  
     14.311903  2.788024 10.580802     0.000000   -0.004064   -0.000000  
      5.409563  0.929341 14.455386    -0.000000   -0.003843   -0.000000  
     10.693180  0.929341 10.562509    -0.000000    0.001600    0.000000  
      1.790519  2.788024 14.473367    -0.000000    0.001854    0.000000  
      3.506921  2.788024 10.580402    -0.000000   -0.004007   -0.000000  
     12.408767  0.929341 14.455686     0.000000   -0.004132    0.000000  
      7.123465  0.929341 10.561065    -0.000000    0.001525    0.000000  
     16.025723  2.788024 14.474552     0.000000    0.001901    0.000000  
      0.007149  0.929341 10.898066     0.000000    0.035689    0.000000  
      8.908990  2.788024 14.136629     0.000000    0.026202   -0.000000  
 
  22 f  =    5.023248 THz    31.561995 2PiTHz  167.557503 cm-1    20.774473 meV
             X         Y         Z           dx          dy          dz
     15.518985  0.929341 12.441821    -0.023538    0.000000   -0.010841  
      6.616854  2.788024 12.594077    -0.023252    0.000000    0.003469  
      2.299255  0.929341 12.441442     0.025551    0.000000   -0.007831  
     11.201891  2.788024 12.594295     0.023349    0.000000   -0.000405  
     12.978330  0.929341 11.777452    -0.016209   -0.000000    0.011969  
      4.075984  2.788024 13.259029    -0.021798    0.000000   -0.001070  
      4.839461  0.929341 11.777088     0.019174    0.000000    0.006834  
     13.741567  2.788024 13.259193     0.023411   -0.000000    0.004338  
      8.907040  0.929341 12.370505    -0.001903   -0.000000    0.004791  
      0.005627  2.788024 12.664576    -0.000779   -0.000000    0.007935  
     14.311903  2.788024 10.580802     0.003500    0.000000    0.008082  
      5.409563  0.929341 14.455386     0.003316   -0.000000   -0.010202  
     10.693180  0.929341 10.562509     0.008871    0.000000   -0.013825  
      1.790519  2.788024 14.473367     0.006686    0.000000    0.017196  
      3.506921  2.788024 10.580402    -0.003330   -0.000000    0.009570  
     12.408767  0.929341 14.455686    -0.002192   -0.000000   -0.009927  
      7.123465  0.929341 10.561065    -0.008974   -0.000000   -0.014377  
     16.025723  2.788024 14.474552    -0.007078    0.000000    0.017508  
      0.007149  0.929341 10.898066    -0.003821    0.000000   -0.027717  
      8.908990  2.788024 14.136629    -0.003383    0.000000    0.031132  
 
  23 f  =    4.895749 THz    30.760899 2PiTHz  163.304614 cm-1    20.247182 meV
             X         Y         Z           dx          dy          dz
     15.518985  0.929341 12.441821    -0.013116   -0.000000    0.018117  
      6.616854  2.788024 12.594077    -0.013686   -0.000000   -0.018716  
      2.299255  0.929341 12.441442     0.010606    0.000000    0.018506  
     11.201891  2.788024 12.594295     0.011211   -0.000000   -0.019519  
     12.978330  0.929341 11.777452     0.025289   -0.000000   -0.004677  
      4.075984  2.788024 13.259029     0.023607    0.000000    0.004844  
      4.839461  0.929341 11.777088    -0.026231   -0.000000   -0.006435  
     13.741567  2.788024 13.259193    -0.025595    0.000000    0.007241  
      8.907040  0.929341 12.370505    -0.002837   -0.000000    0.031358  
      0.005627  2.788024 12.664576    -0.002228    0.000000   -0.029579  
     14.311903  2.788024 10.580802    -0.004124    0.000000    0.009514  
      5.409563  0.929341 14.455386    -0.003654   -0.000000   -0.009481  
     10.693180  0.929341 10.562509     0.014190    0.000000    0.020712  
      1.790519  2.788024 14.473367     0.013596   -0.000000   -0.020682  
      3.506921  2.788024 10.580402     0.005920    0.000000    0.009905  
     12.408767  0.929341 14.455686     0.005586   -0.000000   -0.009849  
      7.123465  0.929341 10.561065    -0.012150    0.000000    0.019221  
     16.025723  2.788024 14.474552    -0.011830   -0.000000   -0.019544  
      0.007149  0.929341 10.898066     0.003153   -0.000000   -0.007537  
      8.908990  2.788024 14.136629     0.002831    0.000000    0.008930  
 
  24 f  =    4.736829 THz    29.762374 2PiTHz  158.003603 cm-1    19.589941 meV
             X         Y         Z           dx          dy          dz
     15.518985  0.929341 12.441821    -0.019469    0.000000    0.014968  
      6.616854  2.788024 12.594077     0.018211    0.000000    0.009527  
      2.299255  0.929341 12.441442     0.017818    0.000000    0.016568  
     11.201891  2.788024 12.594295    -0.014322    0.000000    0.012637  
     12.978330  0.929341 11.777452    -0.006651    0.000000   -0.005409  
      4.075984  2.788024 13.259029     0.010337   -0.000000   -0.000469  
      4.839461  0.929341 11.777088     0.001749   -0.000000   -0.005158  
     13.741567  2.788024 13.259193    -0.005049   -0.000000   -0.004338  
      8.907040  0.929341 12.370505     0.003343    0.000000   -0.016921  
      0.005627  2.788024 12.664576    -0.001503    0.000000   -0.016651  
     14.311903  2.788024 10.580802    -0.000298    0.000000   -0.009669  
      5.409563  0.929341 14.455386    -0.003273   -0.000000   -0.001398  
     10.693180  0.929341 10.562509    -0.005941   -0.000000    0.009942  
      1.790519  2.788024 14.473367     0.005868   -0.000000    0.016535  
      3.506921  2.788024 10.580402     0.000036   -0.000000   -0.012903  
     12.408767  0.929341 14.455686     0.002015   -0.000000   -0.004242  
      7.123465  0.929341 10.561065     0.005035    0.000000    0.011326  
     16.025723  2.788024 14.474552    -0.006108    0.000000    0.017239  
      0.007149  0.929341 10.898066    -0.000074   -0.000000   -0.047949  
      8.908990  2.788024 14.136629    -0.001298   -0.000000   -0.033433  
 
  25 f  =    4.718769 THz    29.648903 2PiTHz  157.401206 cm-1    19.515254 meV
             X         Y         Z           dx          dy          dz
     15.518985  0.929341 12.441821     0.017355    0.000000    0.015674  
      6.616854  2.788024 12.594077    -0.018635    0.000000    0.017058  
      2.299255  0.929341 12.441442     0.017249    0.000000   -0.010326  
     11.201891  2.788024 12.594295    -0.019820    0.000000   -0.012577  
     12.978330  0.929341 11.777452     0.030114   -0.000000   -0.010869  
      4.075984  2.788024 13.259029    -0.029621   -0.000000   -0.014762  
      4.839461  0.929341 11.777088     0.031728    0.000000    0.004067  
     13.741567  2.788024 13.259193    -0.032014   -0.000000    0.008586  
      8.907040  0.929341 12.370505    -0.030201    0.000000   -0.002496  
      0.005627  2.788024 12.664576     0.026034   -0.000000   -0.002111  
     14.311903  2.788024 10.580802    -0.007970    0.000000   -0.019822  
      5.409563  0.929341 14.455386     0.007851    0.000000   -0.017860  
     10.693180  0.929341 10.562509     0.003129   -0.000000    0.007122  
      1.790519  2.788024 14.473367    -0.002183    0.000000    0.006951  
      3.506921  2.788024 10.580402    -0.007335   -0.000000    0.017305  
     12.408767  0.929341 14.455686     0.008509    0.000000    0.018248  
      7.123465  0.929341 10.561065     0.003239   -0.000000   -0.006732  
     16.025723  2.788024 14.474552    -0.001697   -0.000000   -0.004916  
      0.007149  0.929341 10.898066    -0.010445    0.000000   -0.003666  
      8.908990  2.788024 14.136629     0.013832   -0.000000   -0.002907  
 
  26 f  =    4.606253 THz    28.941944 2PiTHz  153.648078 cm-1    19.049925 meV
             X         Y         Z           dx          dy          dz
     15.518985  0.929341 12.441821     0.020510   -0.000000    0.006588  
      6.616854  2.788024 12.594077     0.016780   -0.000000   -0.005591  
      2.299255  0.929341 12.441442     0.022059    0.000000   -0.006007  
     11.201891  2.788024 12.594295     0.018553    0.000000    0.005243  
     12.978330  0.929341 11.777452     0.002685   -0.000000   -0.025559  
      4.075984  2.788024 13.259029     0.000659   -0.000000    0.024225  
      4.839461  0.929341 11.777088    -0.000477    0.000000    0.024515  
     13.741567  2.788024 13.259193    -0.003552    0.000000   -0.024524  
      8.907040  0.929341 12.370505     0.021681    0.000000    0.001497  
      0.005627  2.788024 12.664576     0.023756   -0.000000   -0.001750  
     14.311903  2.788024 10.580802    -0.002217    0.000000    0.005391  
      5.409563  0.929341 14.455386    -0.000759    0.000000   -0.007434  
     10.693180  0.929341 10.562509    -0.007742   -0.000000   -0.004287  
      1.790519  2.788024 14.473367    -0.007813   -0.000000    0.003762  
      3.506921  2.788024 10.580402    -0.005562    0.000000    0.000978  
     12.408767  0.929341 14.455686    -0.003756   -0.000000    0.001929  
      7.123465  0.929341 10.561065    -0.009078    0.000000    0.009913  
     16.025723  2.788024 14.474552    -0.008874    0.000000   -0.010736  
      0.007149  0.929341 10.898066    -0.040985    0.000000    0.002606  
      8.908990  2.788024 14.136629    -0.038724   -0.000000   -0.001438  
 
  27 f  =    4.482482 THz    28.164263 2PiTHz  149.519492 cm-1    18.538046 meV
             X         Y         Z           dx          dy          dz
     15.518985  0.929341 12.441821    -0.009470   -0.000000   -0.010276  
      6.616854  2.788024 12.594077    -0.002048    0.000000    0.016113  
      2.299255  0.929341 12.441442     0.005784   -0.000000   -0.009430  
     11.201891  2.788024 12.594295    -0.001653   -0.000000    0.015316  
     12.978330  0.929341 11.777452    -0.014195    0.000000    0.011484  
      4.075984  2.788024 13.259029    -0.010743   -0.000000   -0.013298  
      4.839461  0.929341 11.777088     0.014497    0.000000    0.007214  
     13.741567  2.788024 13.259193     0.010206   -0.000000   -0.009298  
      8.907040  0.929341 12.370505    -0.001838    0.000000   -0.011276  
      0.005627  2.788024 12.664576    -0.000681    0.000000    0.003786  
     14.311903  2.788024 10.580802     0.010146   -0.000000    0.027412  
      5.409563  0.929341 14.455386     0.007852   -0.000000   -0.029047  
     10.693180  0.929341 10.562509     0.002125    0.000000    0.019695  
      1.790519  2.788024 14.473367     0.003308   -0.000000   -0.014536  
      3.506921  2.788024 10.580402    -0.007826    0.000000    0.026919  
     12.408767  0.929341 14.455686    -0.005605    0.000000   -0.029979  
      7.123465  0.929341 10.561065    -0.000738    0.000000    0.018098  
     16.025723  2.788024 14.474552    -0.002732   -0.000000   -0.014365  
      0.007149  0.929341 10.898066     0.002766    0.000000    0.020357  
      8.908990  2.788024 14.136629     0.003801    0.000000   -0.032314  
 
  28 f  =    4.264656 THz    26.795624 2PiTHz  142.253614 cm-1    17.637192 meV
             X         Y         Z           dx          dy          dz
     15.518985  0.929341 12.441821    -0.001608   -0.000000    0.002668  
      6.616854  2.788024 12.594077     0.000598    0.000000    0.002373  
      2.299255  0.929341 12.441442    -0.001242    0.000000   -0.003166  
     11.201891  2.788024 12.594295     0.000301    0.000000   -0.002267  
     12.978330  0.929341 11.777452    -0.006593    0.000000   -0.005204  
      4.075984  2.788024 13.259029     0.005964   -0.000000   -0.005006  
      4.839461  0.929341 11.777088    -0.007165   -0.000000    0.006406  
     13.741567  2.788024 13.259193     0.007143    0.000000    0.005590  
      8.907040  0.929341 12.370505     0.024469    0.000000   -0.000140  
      0.005627  2.788024 12.664576    -0.023680    0.000000    0.000130  
     14.311903  2.788024 10.580802    -0.004705   -0.000000   -0.027120  
      5.409563  0.929341 14.455386     0.005840   -0.000000   -0.028235  
     10.693180  0.929341 10.562509    -0.014293   -0.000000   -0.020662  
      1.790519  2.788024 14.473367     0.014241   -0.000000   -0.021329  
      3.506921  2.788024 10.580402    -0.002575    0.000000    0.027562  
     12.408767  0.929341 14.455686     0.003212   -0.000000    0.026925  
      7.123465  0.929341 10.561065    -0.013815    0.000000    0.021664  
     16.025723  2.788024 14.474552     0.013881   -0.000000    0.021130  
      0.007149  0.929341 10.898066     0.027129   -0.000000    0.000171  
      8.908990  2.788024 14.136629    -0.026487   -0.000000   -0.000769  
 
  29 f  =    3.926121 THz    24.668548 2PiTHz  130.961312 cm-1    16.237126 meV
             X         Y         Z           dx          dy          dz
     15.518985  0.929341 12.441821     0.000000    0.031182    0.000000  
      6.616854  2.788024 12.594077    -0.000000    0.033025    0.000000  
      2.299255  0.929341 12.441442    -0.000000   -0.033615    0.000000  
     11.201891  2.788024 12.594295     0.000000   -0.031726    0.000000  
     12.978330  0.929341 11.777452     0.000000   -0.009497   -0.000000  
      4.075984  2.788024 13.259029     0.000000   -0.010025   -0.000000  
      4.839461  0.929341 11.777088    -0.000000    0.010175   -0.000000  
     13.741567  2.788024 13.259193     0.000000    0.009573   -0.000000  
      8.907040  0.929341 12.370505     0.000000    0.000022   -0.000000  
      0.005627  2.788024 12.664576    -0.000000    0.000005    0.000000  
     14.311903  2.788024 10.580802    -0.000000   -0.004167   -0.000000  
      5.409563  0.929341 14.455386     0.000000   -0.004495   -0.000000  
     10.693180  0.929341 10.562509     0.000000    0.019608   -0.000000  
      1.790519  2.788024 14.473367     0.000000    0.020862   -0.000000  
      3.506921  2.788024 10.580402    -0.000000    0.005061   -0.000000  
     12.408767  0.929341 14.455686    -0.000000    0.004749   -0.000000  
      7.123465  0.929341 10.561065    -0.000000   -0.020606    0.000000  
     16.025723  2.788024 14.474552     0.000000   -0.019345    0.000000  
      0.007149  0.929341 10.898066    -0.000000    0.000060   -0.000000  
      8.908990  2.788024 14.136629    -0.000000   -0.000083    0.000000  
 
  30 f  =    3.915738 THz    24.603309 2PiTHz  130.614968 cm-1    16.194185 meV
             X         Y         Z           dx          dy          dz
     15.518985  0.929341 12.441821    -0.000000   -0.032484   -0.000000  
      6.616854  2.788024 12.594077     0.000000    0.030560   -0.000000  
      2.299255  0.929341 12.441442     0.000000   -0.031168   -0.000000  
     11.201891  2.788024 12.594295    -0.000000    0.033067   -0.000000  
     12.978330  0.929341 11.777452    -0.000000    0.009962    0.000000  
      4.075984  2.788024 13.259029     0.000000   -0.009348    0.000000  
      4.839461  0.929341 11.777088     0.000000    0.009526    0.000000  
     13.741567  2.788024 13.259193    -0.000000   -0.010081    0.000000  
      8.907040  0.929341 12.370505    -0.000000   -0.000389   -0.000000  
      0.005627  2.788024 12.664576    -0.000000    0.000363   -0.000000  
     14.311903  2.788024 10.580802     0.000000    0.004890    0.000000  
      5.409563  0.929341 14.455386    -0.000000   -0.004662    0.000000  
     10.693180  0.929341 10.562509    -0.000000   -0.021929   -0.000000  
      1.790519  2.788024 14.473367     0.000000    0.020749   -0.000000  
      3.506921  2.788024 10.580402    -0.000000    0.005324    0.000000  
     12.408767  0.929341 14.455686     0.000000   -0.005590    0.000000  
      7.123465  0.929341 10.561065    -0.000000   -0.020485   -0.000000  
     16.025723  2.788024 14.474552    -0.000000    0.021655   -0.000000  
      0.007149  0.929341 10.898066    -0.000000    0.002063    0.000000  
      8.908990  2.788024 14.136629     0.000000   -0.002022    0.000000  
 
  31 f  =    3.751376 THz    23.570592 2PiTHz  125.132441 cm-1    15.514438 meV
             X         Y         Z           dx          dy          dz
     15.518985  0.929341 12.441821     0.014789   -0.000000    0.003274  
      6.616854  2.788024 12.594077    -0.011895   -0.000000    0.004419  
      2.299255  0.929341 12.441442    -0.014816   -0.000000    0.003951  
     11.201891  2.788024 12.594295     0.012509    0.000000    0.005164  
     12.978330  0.929341 11.777452     0.022550   -0.000000   -0.003714  
      4.075984  2.788024 13.259029    -0.022687   -0.000000   -0.004672  
      4.839461  0.929341 11.777088    -0.023067    0.000000   -0.003211  
     13.741567  2.788024 13.259193     0.023568    0.000000   -0.004425  
      8.907040  0.929341 12.370505     0.000139    0.000000    0.008737  
      0.005627  2.788024 12.664576    -0.000132   -0.000000    0.008732  
     14.311903  2.788024 10.580802    -0.024111    0.000000   -0.020581  
      5.409563  0.929341 14.455386     0.023705    0.000000   -0.022761  
     10.693180  0.929341 10.562509     0.006399   -0.000000    0.017087  
      1.790519  2.788024 14.473367    -0.005424    0.000000    0.016160  
      3.506921  2.788024 10.580402     0.026456    0.000000   -0.021035  
     12.408767  0.929341 14.455686    -0.026348    0.000000   -0.023475  
      7.123465  0.929341 10.561065    -0.005329    0.000000    0.015738  
     16.025723  2.788024 14.474552     0.004388    0.000000    0.014813  
      0.007149  0.929341 10.898066    -0.000687    0.000000   -0.002061  
      8.908990  2.788024 14.136629    -0.000085    0.000000   -0.001851  
 
  32 f  =    3.658339 THz    22.986021 2PiTHz  122.029048 cm-1    15.129667 meV
             X         Y         Z           dx          dy          dz
     15.518985  0.929341 12.441821    -0.006459    0.000000   -0.006842  
      6.616854  2.788024 12.594077    -0.007285   -0.000000    0.006562  
      2.299255  0.929341 12.441442    -0.007924   -0.000000    0.007103  
     11.201891  2.788024 12.594295    -0.007864    0.000000   -0.007216  
     12.978330  0.929341 11.777452    -0.020477   -0.000000    0.005860  
      4.075984  2.788024 13.259029    -0.020212   -0.000000   -0.005703  
      4.839461  0.929341 11.777088    -0.020483   -0.000000   -0.005149  
     13.741567  2.788024 13.259193    -0.020321    0.000000    0.004761  
      8.907040  0.929341 12.370505     0.012258    0.000000   -0.000180  
      0.005627  2.788024 12.664576     0.012589   -0.000000    0.000520  
     14.311903  2.788024 10.580802     0.022106   -0.000000    0.024880  
      5.409563  0.929341 14.455386     0.022261    0.000000   -0.023956  
     10.693180  0.929341 10.562509    -0.006653    0.000000   -0.019263  
      1.790519  2.788024 14.473367    -0.005920    0.000000    0.019924  
      3.506921  2.788024 10.580402     0.026269    0.000000   -0.024381  
     12.408767  0.929341 14.455686     0.026417   -0.000000    0.023543  
      7.123465  0.929341 10.561065    -0.005181    0.000000    0.017976  
     16.025723  2.788024 14.474552    -0.006091   -0.000000   -0.017909  
      0.007149  0.929341 10.898066    -0.003433   -0.000000   -0.000799  
      8.908990  2.788024 14.136629    -0.003529    0.000000   -0.000028  
 
  33 f  =    3.596288 THz    22.596145 2PiTHz  119.959260 cm-1    14.873046 meV
             X         Y         Z           dx          dy          dz
     15.518985  0.929341 12.441821    -0.000000   -0.027645    0.000000  
      6.616854  2.788024 12.594077     0.000000   -0.032600    0.000000  
      2.299255  0.929341 12.441442     0.000000   -0.031649    0.000000  
     11.201891  2.788024 12.594295    -0.000000   -0.026877   -0.000000  
     12.978330  0.929341 11.777452    -0.000000   -0.000040    0.000000  
      4.075984  2.788024 13.259029     0.000000   -0.000108   -0.000000  
      4.839461  0.929341 11.777088     0.000000    0.001157    0.000000  
     13.741567  2.788024 13.259193    -0.000000    0.001034    0.000000  
      8.907040  0.929341 12.370505    -0.000000    0.001348   -0.000000  
      0.005627  2.788024 12.664576     0.000000    0.001302   -0.000000  
     14.311903  2.788024 10.580802     0.000000    0.020143    0.000000  
      5.409563  0.929341 14.455386    -0.000000    0.023414    0.000000  
     10.693180  0.929341 10.562509    -0.000000    0.011298   -0.000000  
      1.790519  2.788024 14.473367     0.000000    0.012977   -0.000000  
      3.506921  2.788024 10.580402    -0.000000    0.026081    0.000000  
     12.408767  0.929341 14.455686     0.000000    0.022303    0.000000  
      7.123465  0.929341 10.561065    -0.000000    0.013947   -0.000000  
     16.025723  2.788024 14.474552     0.000000    0.012038   -0.000000  
      0.007149  0.929341 10.898066     0.000000    0.003977   -0.000000  
      8.908990  2.788024 14.136629     0.000000    0.003965    0.000000  
 
  34 f  =    3.592443 THz    22.571987 2PiTHz  119.831011 cm-1    14.857145 meV
             X         Y         Z           dx          dy          dz
     15.518985  0.929341 12.441821     0.000000   -0.033438   -0.000000  
      6.616854  2.788024 12.594077     0.000000    0.028637    0.000000  
      2.299255  0.929341 12.441442    -0.000000    0.027806   -0.000000  
     11.201891  2.788024 12.594295    -0.000000   -0.032449   -0.000000  
     12.978330  0.929341 11.777452    -0.000000   -0.000674    0.000000  
      4.075984  2.788024 13.259029    -0.000000    0.000644   -0.000000  
      4.839461  0.929341 11.777088    -0.000000   -0.000429    0.000000  
     13.741567  2.788024 13.259193    -0.000000    0.000558    0.000000  
      8.907040  0.929341 12.370505     0.000000   -0.000044   -0.000000  
      0.005627  2.788024 12.664576     0.000000    0.000292    0.000000  
     14.311903  2.788024 10.580802    -0.000000    0.022757    0.000000  
      5.409563  0.929341 14.455386    -0.000000   -0.019207   -0.000000  
     10.693180  0.929341 10.562509    -0.000000    0.011729   -0.000000  
      1.790519  2.788024 14.473367     0.000000   -0.009791    0.000000  
      3.506921  2.788024 10.580402     0.000000   -0.021496   -0.000000  
     12.408767  0.929341 14.455686     0.000000    0.025290    0.000000  
      7.123465  0.929341 10.561065    -0.000000   -0.010688    0.000000  
     16.025723  2.788024 14.474552    -0.000000    0.012725   -0.000000  
      0.007149  0.929341 10.898066     0.000000    0.000391   -0.000000  
      8.908990  2.788024 14.136629     0.000000    0.000226    0.000000  
 
  35 f  =    3.466094 THz    21.778114 2PiTHz  115.616467 cm-1    14.334609 meV
             X         Y         Z           dx          dy          dz
     15.518985  0.929341 12.441821    -0.017579   -0.000000    0.006898  
      6.616854  2.788024 12.594077     0.015458    0.000000    0.006202  
      2.299255  0.929341 12.441442     0.016780    0.000000    0.006775  
     11.201891  2.788024 12.594295    -0.016298    0.000000    0.006253  
     12.978330  0.929341 11.777452     0.006238    0.000000    0.001520  
      4.075984  2.788024 13.259029    -0.005884   -0.000000    0.003060  
      4.839461  0.929341 11.777088    -0.007146   -0.000000    0.001307  
     13.741567  2.788024 13.259193     0.005714    0.000000    0.003297  
      8.907040  0.929341 12.370505     0.000359   -0.000000   -0.013668  
      0.005627  2.788024 12.664576     0.000846    0.000000   -0.016960  
     14.311903  2.788024 10.580802     0.002970   -0.000000   -0.010472  
      5.409563  0.929341 14.455386     0.000988   -0.000000   -0.008006  
     10.693180  0.929341 10.562509     0.032287   -0.000000   -0.006874  
      1.790519  2.788024 14.473367    -0.034640    0.000000   -0.006251  
      3.506921  2.788024 10.580402    -0.001317    0.000000   -0.011088  
     12.408767  0.929341 14.455686    -0.001198    0.000000   -0.007471  
      7.123465  0.929341 10.561065    -0.032584   -0.000000   -0.006123  
     16.025723  2.788024 14.474552     0.035721    0.000000   -0.006913  
      0.007149  0.929341 10.898066     0.000065    0.000000    0.018018  
      8.908990  2.788024 14.136629    -0.000351   -0.000000    0.017244  
 
  36 f  =    3.419353 THz    21.484426 2PiTHz  114.057327 cm-1    14.141300 meV
             X         Y         Z           dx          dy          dz
     15.518985  0.929341 12.441821     0.014681    0.000000   -0.003189  
      6.616854  2.788024 12.594077     0.016977   -0.000000    0.003375  
      2.299255  0.929341 12.441442    -0.012764    0.000000   -0.004154  
     11.201891  2.788024 12.594295    -0.015973    0.000000    0.004483  
     12.978330  0.929341 11.777452     0.002365    0.000000    0.007990  
      4.075984  2.788024 13.259029     0.002971    0.000000   -0.006484  
      4.839461  0.929341 11.777088    -0.000778    0.000000    0.010086  
     13.741567  2.788024 13.259193    -0.000933    0.000000   -0.009401  
      8.907040  0.929341 12.370505    -0.000268    0.000000   -0.017659  
      0.005627  2.788024 12.664576    -0.001501   -0.000000    0.015457  
     14.311903  2.788024 10.580802    -0.023344   -0.000000    0.010440  
      5.409563  0.929341 14.455386    -0.023176   -0.000000   -0.009446  
     10.693180  0.929341 10.562509     0.030516   -0.000000   -0.007252  
      1.790519  2.788024 14.473367     0.025510   -0.000000    0.004554  
      3.506921  2.788024 10.580402     0.020708    0.000000    0.010702  
     12.408767  0.929341 14.455686     0.023032   -0.000000   -0.010423  
      7.123465  0.929341 10.561065    -0.030637    0.000000   -0.007825  
     16.025723  2.788024 14.474552    -0.027361   -0.000000    0.006162  
      0.007149  0.929341 10.898066     0.000013   -0.000000   -0.007520  
      8.908990  2.788024 14.136629    -0.000520    0.000000    0.009326  
 
  37 f  =    3.247794 THz    20.406492 2PiTHz  108.334751 cm-1    13.431791 meV
             X         Y         Z           dx          dy          dz
     15.518985  0.929341 12.441821     0.012500   -0.000000    0.003561  
      6.616854  2.788024 12.594077    -0.015146   -0.000000    0.002166  
      2.299255  0.929341 12.441442     0.012385   -0.000000   -0.002777  
     11.201891  2.788024 12.594295    -0.014129    0.000000   -0.001133  
     12.978330  0.929341 11.777452    -0.007540    0.000000    0.006204  
      4.075984  2.788024 13.259029     0.008260    0.000000    0.007176  
      4.839461  0.929341 11.777088    -0.010310   -0.000000   -0.008848  
     13.741567  2.788024 13.259193     0.010631    0.000000   -0.009271  
      8.907040  0.929341 12.370505     0.013360   -0.000000    0.000198  
      0.005627  2.788024 12.664576    -0.013399    0.000000   -0.000300  
     14.311903  2.788024 10.580802    -0.032597    0.000000    0.015563  
      5.409563  0.929341 14.455386     0.035562    0.000000    0.017393  
     10.693180  0.929341 10.562509     0.007208    0.000000   -0.008905  
      1.790519  2.788024 14.473367    -0.006711    0.000000   -0.010306  
      3.506921  2.788024 10.580402    -0.032587   -0.000000   -0.016514  
     12.408767  0.929341 14.455686     0.032306    0.000000   -0.017144  
      7.123465  0.929341 10.561065     0.007459   -0.000000    0.008801  
     16.025723  2.788024 14.474552    -0.005820    0.000000    0.009554  
      0.007149  0.929341 10.898066     0.010382   -0.000000    0.000605  
      8.908990  2.788024 14.136629    -0.010901    0.000000    0.000430  
 
  38 f  =    3.101215 THz    19.485509 2PiTHz  103.445402 cm-1    12.825589 meV
             X         Y         Z           dx          dy          dz
     15.518985  0.929341 12.441821    -0.000000   -0.000509   -0.000000  
      6.616854  2.788024 12.594077    -0.000000   -0.000755    0.000000  
      2.299255  0.929341 12.441442    -0.000000   -0.002154   -0.000000  
     11.201891  2.788024 12.594295     0.000000   -0.001694    0.000000  
     12.978330  0.929341 11.777452     0.000000    0.014412   -0.000000  
      4.075984  2.788024 13.259029     0.000000    0.017461   -0.000000  
      4.839461  0.929341 11.777088    -0.000000   -0.022064    0.000000  
     13.741567  2.788024 13.259193    -0.000000   -0.018060    0.000000  
      8.907040  0.929341 12.370505    -0.000000    0.000512   -0.000000  
      0.005627  2.788024 12.664576     0.000000    0.000791    0.000000  
     14.311903  2.788024 10.580802     0.000000    0.035745   -0.000000  
      5.409563  0.929341 14.455386     0.000000    0.043495    0.000000  
     10.693180  0.929341 10.562509     0.000000    0.012378    0.000000  
      1.790519  2.788024 14.473367     0.000000    0.015229   -0.000000  
      3.506921  2.788024 10.580402    -0.000000   -0.045486   -0.000000  
     12.408767  0.929341 14.455686    -0.000000   -0.037312    0.000000  
      7.123465  0.929341 10.561065    -0.000000   -0.010936    0.000000  
     16.025723  2.788024 14.474552    -0.000000   -0.008856   -0.000000  
      0.007149  0.929341 10.898066    -0.000000    0.000837    0.000000  
      8.908990  2.788024 14.136629     0.000000    0.000740   -0.000000  
 
  39 f  =    3.088211 THz    19.403803 2PiTHz  103.011634 cm-1    12.771809 meV
             X         Y         Z           dx          dy          dz
     15.518985  0.929341 12.441821     0.000000   -0.001161    0.000000  
      6.616854  2.788024 12.594077    -0.000000    0.001065   -0.000000  
      2.299255  0.929341 12.441442     0.000000    0.001853    0.000000  
     11.201891  2.788024 12.594295    -0.000000   -0.002177   -0.000000  
     12.978330  0.929341 11.777452    -0.000000    0.017063    0.000000  
      4.075984  2.788024 13.259029    -0.000000   -0.013903   -0.000000  
      4.839461  0.929341 11.777088     0.000000    0.018337   -0.000000  
     13.741567  2.788024 13.259193     0.000000   -0.022304   -0.000000  
      8.907040  0.929341 12.370505     0.000000    0.001502    0.000000  
      0.005627  2.788024 12.664576     0.000000   -0.001381   -0.000000  
     14.311903  2.788024 10.580802    -0.000000    0.042835    0.000000  
      5.409563  0.929341 14.455386    -0.000000   -0.035059   -0.000000  
     10.693180  0.929341 10.562509    -0.000000    0.015786   -0.000000  
      1.790519  2.788024 14.473367    -0.000000   -0.013065    0.000000  
      3.506921  2.788024 10.580402     0.000000    0.037543    0.000000  
     12.408767  0.929341 14.455686     0.000000   -0.045768   -0.000000  
      7.123465  0.929341 10.561065     0.000000    0.009576   -0.000000  
     16.025723  2.788024 14.474552     0.000000   -0.011547    0.000000  
      0.007149  0.929341 10.898066     0.000000   -0.000427   -0.000000  
      8.908990  2.788024 14.136629    -0.000000    0.000582    0.000000  
 
  40 f  =    3.065346 THz    19.260139 2PiTHz  102.248948 cm-1    12.677248 meV
             X         Y         Z           dx          dy          dz
     15.518985  0.929341 12.441821    -0.002955   -0.000000   -0.013290  
      6.616854  2.788024 12.594077    -0.003401   -0.000000    0.012844  
      2.299255  0.929341 12.441442     0.002174    0.000000   -0.010887  
     11.201891  2.788024 12.594295     0.003637    0.000000    0.010683  
     12.978330  0.929341 11.777452     0.014102   -0.000000    0.000174  
      4.075984  2.788024 13.259029     0.013483   -0.000000   -0.000024  
      4.839461  0.929341 11.777088    -0.016919    0.000000   -0.002871  
     13.741567  2.788024 13.259193    -0.017463    0.000000    0.003383  
      8.907040  0.929341 12.370505     0.001440    0.000000   -0.010568  
      0.005627  2.788024 12.664576     0.000531   -0.000000    0.010218  
     14.311903  2.788024 10.580802     0.022825   -0.000000   -0.018369  
      5.409563  0.929341 14.455386     0.022635   -0.000000    0.017940  
     10.693180  0.929341 10.562509     0.026024   -0.000000    0.005309  
      1.790519  2.788024 14.473367     0.025631   -0.000000   -0.005292  
      3.506921  2.788024 10.580402    -0.022891    0.000000   -0.019558  
     12.408767  0.929341 14.455686    -0.023731    0.000000    0.020693  
      7.123465  0.929341 10.561065    -0.024554    0.000000    0.007629  
     16.025723  2.788024 14.474552    -0.026305    0.000000   -0.007599  
      0.007149  0.929341 10.898066     0.000417   -0.000000    0.002463  
      8.908990  2.788024 14.136629     0.000759    0.000000   -0.003670  
 
  41 f  =    2.874657 THz    18.062004 2PiTHz   95.888245 cm-1    11.888622 meV
             X         Y         Z           dx          dy          dz
     15.518985  0.929341 12.441821    -0.012944   -0.000000    0.012586  
      6.616854  2.788024 12.594077    -0.015349    0.000000   -0.014118  
      2.299255  0.929341 12.441442    -0.014741    0.000000   -0.013250  
     11.201891  2.788024 12.594295    -0.017085   -0.000000    0.014200  
     12.978330  0.929341 11.777452     0.006951    0.000000   -0.015656  
      4.075984  2.788024 13.259029     0.007274    0.000000    0.015798  
      4.839461  0.929341 11.777088     0.006155    0.000000    0.016136  
     13.741567  2.788024 13.259193     0.005659    0.000000   -0.015560  
      8.907040  0.929341 12.370505    -0.007067   -0.000000   -0.000159  
      0.005627  2.788024 12.664576    -0.002085    0.000000    0.000070  
     14.311903  2.788024 10.580802     0.030730    0.000000   -0.014278  
      5.409563  0.929341 14.455386     0.026211   -0.000000    0.015288  
     10.693180  0.929341 10.562509     0.001921   -0.000000    0.011788  
      1.790519  2.788024 14.473367     0.005369   -0.000000   -0.009623  
      3.506921  2.788024 10.580402     0.026602    0.000000    0.014057  
     12.408767  0.929341 14.455686     0.021388    0.000000   -0.014211  
      7.123465  0.929341 10.561065     0.000641   -0.000000   -0.013023  
     16.025723  2.788024 14.474552     0.003191   -0.000000    0.010734  
      0.007149  0.929341 10.898066    -0.018179    0.000000   -0.001867  
      8.908990  2.788024 14.136629    -0.020253   -0.000000    0.001232  
 
  42 f  =    2.739561 THz    17.213169 2PiTHz   91.381915 cm-1    11.329908 meV
             X         Y         Z           dx          dy          dz
     15.518985  0.929341 12.441821    -0.015749   -0.000000   -0.002555  
      6.616854  2.788024 12.594077    -0.019383    0.000000    0.003436  
      2.299255  0.929341 12.441442     0.018788    0.000000   -0.005073  
     11.201891  2.788024 12.594295     0.020608    0.000000    0.005323  
     12.978330  0.929341 11.777452    -0.001428    0.000000   -0.002005  
      4.075984  2.788024 13.259029    -0.003225   -0.000000    0.001238  
      4.839461  0.929341 11.777088     0.002048   -0.000000    0.001836  
     13.741567  2.788024 13.259193     0.005275    0.000000   -0.002654  
      8.907040  0.929341 12.370505    -0.005028    0.000000   -0.014925  
      0.005627  2.788024 12.664576    -0.003739   -0.000000    0.012356  
     14.311903  2.788024 10.580802    -0.021737    0.000000   -0.016804  
      5.409563  0.929341 14.455386    -0.024441    0.000000    0.016167  
     10.693180  0.929341 10.562509    -0.000895   -0.000000    0.005382  
      1.790519  2.788024 14.473367    -0.000941   -0.000000   -0.004262  
      3.506921  2.788024 10.580402     0.026461   -0.000000   -0.017345  
     12.408767  0.929341 14.455686     0.028102    0.000000    0.014573  
      7.123465  0.929341 10.561065    -0.006864   -0.000000    0.000839  
     16.025723  2.788024 14.474552    -0.003739   -0.000000    0.000610  
      0.007149  0.929341 10.898066     0.000694   -0.000000    0.029522  
      8.908990  2.788024 14.136629    -0.000349    0.000000   -0.030473  
 
  43 f  =    2.612426 THz    16.414355 2PiTHz   87.141141 cm-1    10.804120 meV
             X         Y         Z           dx          dy          dz
     15.518985  0.929341 12.441821    -0.016744   -0.000000   -0.003603  
      6.616854  2.788024 12.594077    -0.011280   -0.000000   -0.001490  
      2.299255  0.929341 12.441442    -0.013979   -0.000000    0.003639  
     11.201891  2.788024 12.594295    -0.006755    0.000000    0.002049  
     12.978330  0.929341 11.777452     0.007253    0.000000    0.002275  
      4.075984  2.788024 13.259029    -0.000435   -0.000000   -0.002322  
      4.839461  0.929341 11.777088     0.007351   -0.000000   -0.002888  
     13.741567  2.788024 13.259193     0.000781    0.000000    0.001542  
      8.907040  0.929341 12.370505     0.042932    0.000000   -0.001469  
      0.005627  2.788024 12.664576     0.023710   -0.000000    0.001505  
     14.311903  2.788024 10.580802    -0.014626    0.000000   -0.010413  
      5.409563  0.929341 14.455386    -0.013229   -0.000000   -0.000135  
     10.693180  0.929341 10.562509     0.039501   -0.000000   -0.014842  
      1.790519  2.788024 14.473367     0.016494    0.000000    0.014809  
      3.506921  2.788024 10.580402    -0.009138   -0.000000    0.007955  
     12.408767  0.929341 14.455686    -0.004368    0.000000    0.002147  
      7.123465  0.929341 10.561065     0.039093    0.000000    0.015669  
     16.025723  2.788024 14.474552     0.016121   -0.000000   -0.014816  
      0.007149  0.929341 10.898066    -0.017595    0.000000    0.003140  
      8.908990  2.788024 14.136629    -0.013370   -0.000000   -0.003466  
 
  44 f  =    2.610761 THz    16.403897 2PiTHz   87.085622 cm-1    10.797236 meV
             X         Y         Z           dx          dy          dz
     15.518985  0.929341 12.441821     0.005892    0.000000    0.004162  
      6.616854  2.788024 12.594077    -0.013425    0.000000    0.006664  
      2.299255  0.929341 12.441442     0.006119   -0.000000   -0.005046  
     11.201891  2.788024 12.594295    -0.013326    0.000000   -0.006730  
     12.978330  0.929341 11.777452    -0.009392    0.000000    0.001954  
      4.075984  2.788024 13.259029     0.011210    0.000000   -0.001743  
      4.839461  0.929341 11.777088    -0.009331   -0.000000   -0.000129  
     13.741567  2.788024 13.259193     0.010390    0.000000    0.003246  
      8.907040  0.929341 12.370505    -0.016689   -0.000000   -0.000681  
      0.005627  2.788024 12.664576     0.040245   -0.000000    0.000193  
     14.311903  2.788024 10.580802    -0.001791    0.000000    0.013187  
      5.409563  0.929341 14.455386    -0.010471    0.000000    0.014823  
     10.693180  0.929341 10.562509    -0.022968   -0.000000   -0.003490  
      1.790519  2.788024 14.473367     0.043367   -0.000000    0.007936  
      3.506921  2.788024 10.580402     0.001531    0.000000   -0.012745  
     12.408767  0.929341 14.455686    -0.011600    0.000000   -0.013599  
      7.123465  0.929341 10.561065    -0.023526   -0.000000    0.003627  
     16.025723  2.788024 14.474552     0.041342   -0.000000   -0.008471  
      0.007149  0.929341 10.898066     0.003014   -0.000000   -0.000215  
      8.908990  2.788024 14.136629    -0.011757   -0.000000   -0.000975  
 
  45 f  =    2.551376 THz    16.030768 2PiTHz   85.104744 cm-1    10.551639 meV
             X         Y         Z           dx          dy          dz
     15.518985  0.929341 12.441821     0.000000    0.000082    0.000000  
      6.616854  2.788024 12.594077     0.000000   -0.007442   -0.000000  
      2.299255  0.929341 12.441442     0.000000   -0.008013   -0.000000  
     11.201891  2.788024 12.594295    -0.000000    0.000146    0.000000  
     12.978330  0.929341 11.777452    -0.000000   -0.005041   -0.000000  
      4.075984  2.788024 13.259029     0.000000   -0.041694    0.000000  
      4.839461  0.929341 11.777088    -0.000000   -0.038776    0.000000  
     13.741567  2.788024 13.259193     0.000000   -0.004830   -0.000000  
      8.907040  0.929341 12.370505    -0.000000    0.004252    0.000000  
      0.005627  2.788024 12.664576    -0.000000    0.004458    0.000000  
     14.311903  2.788024 10.580802     0.000000   -0.004333    0.000000  
      5.409563  0.929341 14.455386     0.000000   -0.040165    0.000000  
     10.693180  0.929341 10.562509    -0.000000    0.006901    0.000000  
      1.790519  2.788024 14.473367     0.000000    0.038666   -0.000000  
      3.506921  2.788024 10.580402     0.000000   -0.032938   -0.000000  
     12.408767  0.929341 14.455686     0.000000   -0.003766   -0.000000  
      7.123465  0.929341 10.561065    -0.000000    0.041879   -0.000000  
     16.025723  2.788024 14.474552     0.000000    0.006980    0.000000  
      0.007149  0.929341 10.898066     0.000000    0.005582   -0.000000  
      8.908990  2.788024 14.136629     0.000000    0.005370    0.000000  
 
  46 f  =    2.545984 THz    15.996886 2PiTHz   84.924869 cm-1    10.529337 meV
             X         Y         Z           dx          dy          dz
     15.518985  0.929341 12.441821     0.000000    0.007754   -0.000000  
      6.616854  2.788024 12.594077     0.000000   -0.002216   -0.000000  
      2.299255  0.929341 12.441442    -0.000000   -0.002438    0.000000  
     11.201891  2.788024 12.594295     0.000000    0.008303    0.000000  
     12.978330  0.929341 11.777452     0.000000    0.042034   -0.000000  
      4.075984  2.788024 13.259029    -0.000000   -0.006674   -0.000000  
      4.839461  0.929341 11.777088     0.000000   -0.006060   -0.000000  
     13.741567  2.788024 13.259193    -0.000000    0.038975   -0.000000  
      8.907040  0.929341 12.370505     0.000000   -0.003439    0.000000  
      0.005627  2.788024 12.664576    -0.000000   -0.003118    0.000000  
     14.311903  2.788024 10.580802     0.000000    0.040496   -0.000000  
      5.409563  0.929341 14.455386     0.000000   -0.006951   -0.000000  
     10.693180  0.929341 10.562509     0.000000   -0.038343    0.000000  
      1.790519  2.788024 14.473367    -0.000000    0.003880   -0.000000  
      3.506921  2.788024 10.580402    -0.000000   -0.005481    0.000000  
     12.408767  0.929341 14.455686     0.000000    0.033075    0.000000  
      7.123465  0.929341 10.561065     0.000000    0.004709   -0.000000  
     16.025723  2.788024 14.474552    -0.000000   -0.041553    0.000000  
      0.007149  0.929341 10.898066     0.000000   -0.003917   -0.000000  
      8.908990  2.788024 14.136629     0.000000   -0.004282    0.000000  
 
  47 f  =    2.336041 THz    14.677780 2PiTHz   77.921947 cm-1     9.661086 meV
             X         Y         Z           dx          dy          dz
     15.518985  0.929341 12.441821    -0.000344   -0.000000    0.006985  
      6.616854  2.788024 12.594077     0.001362    0.000000    0.005737  
      2.299255  0.929341 12.441442    -0.008748   -0.000000    0.003421  
     11.201891  2.788024 12.594295     0.006846   -0.000000    0.002461  
     12.978330  0.929341 11.777452     0.008775   -0.000000   -0.022821  
      4.075984  2.788024 13.259029    -0.007975    0.000000   -0.021747  
      4.839461  0.929341 11.777088    -0.014211   -0.000000   -0.021585  
     13.741567  2.788024 13.259193     0.013314   -0.000000   -0.021771  
      8.907040  0.929341 12.370505    -0.002036   -0.000000    0.017645  
      0.005627  2.788024 12.664576     0.001527    0.000000    0.017553  
     14.311903  2.788024 10.580802     0.027890   -0.000000   -0.017512  
      5.409563  0.929341 14.455386    -0.025495    0.000000   -0.017444  
     10.693180  0.929341 10.562509    -0.007666    0.000000    0.009490  
      1.790519  2.788024 14.473367     0.008629   -0.000000    0.010804  
      3.506921  2.788024 10.580402    -0.036014    0.000000   -0.015172  
     12.408767  0.929341 14.455686     0.034942   -0.000000   -0.016228  
      7.123465  0.929341 10.561065    -0.001332    0.000000    0.010225  
     16.025723  2.788024 14.474552    -0.000048    0.000000    0.012111  
      0.007149  0.929341 10.898066    -0.007091    0.000000    0.012705  
      8.908990  2.788024 14.136629     0.006318   -0.000000    0.014384  
 
  48 f  =    2.317087 THz    14.558686 2PiTHz   77.289695 cm-1     9.582697 meV
             X         Y         Z           dx          dy          dz
     15.518985  0.929341 12.441821     0.020777    0.000000   -0.001183  
      6.616854  2.788024 12.594077    -0.018960    0.000000   -0.001116  
      2.299255  0.929341 12.441442     0.019000   -0.000000    0.003124  
     11.201891  2.788024 12.594295    -0.018377    0.000000    0.002369  
     12.978330  0.929341 11.777452     0.007432    0.000000   -0.001637  
      4.075984  2.788024 13.259029    -0.007913    0.000000   -0.003172  
      4.839461  0.929341 11.777088     0.004315    0.000000   -0.006643  
     13.741567  2.788024 13.259193    -0.004983    0.000000   -0.004928  
      8.907040  0.929341 12.370505     0.007767   -0.000000    0.004013  
      0.005627  2.788024 12.664576    -0.007962   -0.000000    0.003603  
     14.311903  2.788024 10.580802     0.030285    0.000000    0.004518  
      5.409563  0.929341 14.455386    -0.031803    0.000000    0.002475  
     10.693180  0.929341 10.562509     0.013205   -0.000000   -0.003111  
      1.790519  2.788024 14.473367    -0.014004    0.000000   -0.002780  
      3.506921  2.788024 10.580402     0.014903   -0.000000   -0.011144  
     12.408767  0.929341 14.455686    -0.017929    0.000000   -0.009940  
      7.123465  0.929341 10.561065     0.015247    0.000000    0.007832  
     16.025723  2.788024 14.474552    -0.015682   -0.000000    0.008004  
      0.007149  0.929341 10.898066     0.030848   -0.000000    0.002226  
      8.908990  2.788024 14.136629    -0.028953   -0.000000    0.002930  
 
  49 f  =    1.958469 THz    12.305423 2PiTHz   65.327490 cm-1     8.099573 meV
             X         Y         Z           dx          dy          dz
     15.518985  0.929341 12.441821     0.004417   -0.000000   -0.024363  
      6.616854  2.788024 12.594077    -0.004064    0.000000   -0.024889  
      2.299255  0.929341 12.441442     0.006326   -0.000000    0.024885  
     11.201891  2.788024 12.594295    -0.005994   -0.000000    0.024727  
     12.978330  0.929341 11.777452    -0.003209   -0.000000    0.004330  
      4.075984  2.788024 13.259029     0.002147    0.000000    0.002757  
      4.839461  0.929341 11.777088    -0.003172    0.000000   -0.008521  
     13.741567  2.788024 13.259193     0.001821    0.000000   -0.006674  
      8.907040  0.929341 12.370505    -0.016598    0.000000    0.001530  
      0.005627  2.788024 12.664576     0.014551   -0.000000    0.002002  
     14.311903  2.788024 10.580802    -0.010128   -0.000000   -0.012244  
      5.409563  0.929341 14.455386     0.008430    0.000000   -0.013926  
     10.693180  0.929341 10.562509    -0.005706   -0.000000    0.023381  
      1.790519  2.788024 14.473367     0.004011   -0.000000    0.022907  
      3.506921  2.788024 10.580402    -0.011793    0.000000    0.009465  
     12.408767  0.929341 14.455686     0.009644    0.000000    0.011348  
      7.123465  0.929341 10.561065    -0.003323    0.000000   -0.023180  
     16.025723  2.788024 14.474552     0.001217   -0.000000   -0.021995  
      0.007149  0.929341 10.898066     0.020392   -0.000000    0.002570  
      8.908990  2.788024 14.136629    -0.018940    0.000000    0.001987  
 
  50 f  =    1.862165 THz    11.700328 2PiTHz   62.115137 cm-1     7.701292 meV
             X         Y         Z           dx          dy          dz
     15.518985  0.929341 12.441821    -0.000000   -0.009886   -0.000000  
      6.616854  2.788024 12.594077     0.000000    0.010013   -0.000000  
      2.299255  0.929341 12.441442     0.000000   -0.010302   -0.000000  
     11.201891  2.788024 12.594295    -0.000000    0.010330   -0.000000  
     12.978330  0.929341 11.777452    -0.000000   -0.001407   -0.000000  
      4.075984  2.788024 13.259029     0.000000    0.001467   -0.000000  
      4.839461  0.929341 11.777088     0.000000   -0.001158   -0.000000  
     13.741567  2.788024 13.259193    -0.000000    0.001204   -0.000000  
      8.907040  0.929341 12.370505    -0.000000   -0.036121    0.000000  
      0.005627  2.788024 12.664576    -0.000000    0.035345    0.000000  
     14.311903  2.788024 10.580802    -0.000000   -0.006065   -0.000000  
      5.409563  0.929341 14.455386     0.000000    0.006165   -0.000000  
     10.693180  0.929341 10.562509    -0.000000    0.022786   -0.000000  
      1.790519  2.788024 14.473367     0.000000   -0.022622   -0.000000  
      3.506921  2.788024 10.580402     0.000000   -0.005652   -0.000000  
     12.408767  0.929341 14.455686    -0.000000    0.005698   -0.000000  
      7.123465  0.929341 10.561065     0.000000    0.021790   -0.000000  
     16.025723  2.788024 14.474552    -0.000000   -0.021437   -0.000000  
      0.007149  0.929341 10.898066     0.000000    0.044047    0.000000  
      8.908990  2.788024 14.136629     0.000000   -0.045076    0.000000  
 
  51 f  =    1.777366 THz    11.167523 2PiTHz   59.286564 cm-1     7.350594 meV
             X         Y         Z           dx          dy          dz
     15.518985  0.929341 12.441821    -0.019917    0.000000   -0.001928  
      6.616854  2.788024 12.594077     0.018882   -0.000000    0.000144  
      2.299255  0.929341 12.441442     0.019336    0.000000   -0.004855  
     11.201891  2.788024 12.594295    -0.018797   -0.000000   -0.002678  
     12.978330  0.929341 11.777452    -0.013753    0.000000   -0.013800  
      4.075984  2.788024 13.259029     0.014121   -0.000000   -0.013505  
      4.839461  0.929341 11.777088     0.016776   -0.000000   -0.012379  
     13.741567  2.788024 13.259193    -0.016481    0.000000   -0.012484  
      8.907040  0.929341 12.370505     0.001252    0.000000    0.021421  
      0.005627  2.788024 12.664576    -0.000499   -0.000000    0.018491  
     14.311903  2.788024 10.580802    -0.015968    0.000000   -0.012145  
      5.409563  0.929341 14.455386     0.012936   -0.000000   -0.009067  
     10.693180  0.929341 10.562509    -0.018459   -0.000000   -0.000987  
      1.790519  2.788024 14.473367     0.019240    0.000000   -0.002413  
      3.506921  2.788024 10.580402     0.017300    0.000000   -0.013331  
     12.408767  0.929341 14.455686    -0.013931   -0.000000   -0.010484  
      7.123465  0.929341 10.561065     0.020108   -0.000000    0.001056  
     16.025723  2.788024 14.474552    -0.019627    0.000000   -0.000862  
      0.007149  0.929341 10.898066    -0.001366   -0.000000    0.028731  
      8.908990  2.788024 14.136629     0.001360    0.000000    0.028313  
 
  52 f  =    1.546791 THz     9.718776 2PiTHz   51.595400 cm-1     6.397011 meV
             X         Y         Z           dx          dy          dz
     15.518985  0.929341 12.441821     0.000000   -0.003301    0.000000  
      6.616854  2.788024 12.594077     0.000000   -0.002987   -0.000000  
      2.299255  0.929341 12.441442     0.000000   -0.005320   -0.000000  
     11.201891  2.788024 12.594295    -0.000000   -0.004925    0.000000  
     12.978330  0.929341 11.777452     0.000000   -0.003845    0.000000  
      4.075984  2.788024 13.259029    -0.000000   -0.003781   -0.000000  
      4.839461  0.929341 11.777088     0.000000   -0.003808   -0.000000  
     13.741567  2.788024 13.259193    -0.000000   -0.003774    0.000000  
      8.907040  0.929341 12.370505     0.000000    0.042799    0.000000  
      0.005627  2.788024 12.664576    -0.000000    0.043261   -0.000000  
     14.311903  2.788024 10.580802     0.000000   -0.004477    0.000000  
      5.409563  0.929341 14.455386    -0.000000   -0.004270   -0.000000  
     10.693180  0.929341 10.562509     0.000000   -0.015985   -0.000000  
      1.790519  2.788024 14.473367     0.000000   -0.016855   -0.000000  
      3.506921  2.788024 10.580402     0.000000   -0.005009   -0.000000  
     12.408767  0.929341 14.455686    -0.000000   -0.004787    0.000000  
      7.123465  0.929341 10.561065     0.000000   -0.011874    0.000000  
     16.025723  2.788024 14.474552    -0.000000   -0.012517    0.000000  
      0.007149  0.929341 10.898066    -0.000000    0.050646   -0.000000  
      8.908990  2.788024 14.136629    -0.000000    0.050158    0.000000  
 
  53 f  =    1.413894 THz     8.883759 2PiTHz   47.162434 cm-1     5.847394 meV
             X         Y         Z           dx          dy          dz
     15.518985  0.929341 12.441821     0.000000   -0.017515   -0.000000  
      6.616854  2.788024 12.594077     0.000000   -0.017685   -0.000000  
      2.299255  0.929341 12.441442     0.000000    0.017665   -0.000000  
     11.201891  2.788024 12.594295     0.000000    0.017622    0.000000  
     12.978330  0.929341 11.777452    -0.000000   -0.002013   -0.000000  
      4.075984  2.788024 13.259029     0.000000   -0.002096   -0.000000  
      4.839461  0.929341 11.777088     0.000000    0.001566   -0.000000  
     13.741567  2.788024 13.259193     0.000000    0.001648   -0.000000  
      8.907040  0.929341 12.370505    -0.000000    0.002338    0.000000  
      0.005627  2.788024 12.664576     0.000000    0.002720   -0.000000  
     14.311903  2.788024 10.580802    -0.000000   -0.010559   -0.000000  
      5.409563  0.929341 14.455386    -0.000000   -0.010688   -0.000000  
     10.693180  0.929341 10.562509    -0.000000    0.037112    0.000000  
      1.790519  2.788024 14.473367    -0.000000    0.037213   -0.000000  
      3.506921  2.788024 10.580402     0.000000    0.009822   -0.000000  
     12.408767  0.929341 14.455686     0.000000    0.009862    0.000000  
      7.123465  0.929341 10.561065     0.000000   -0.037952   -0.000000  
     16.025723  2.788024 14.474552     0.000000   -0.037734   -0.000000  
      0.007149  0.929341 10.898066     0.000000    0.003170   -0.000000  
      8.908990  2.788024 14.136629    -0.000000    0.002754    0.000000  
 
  54 f  =    1.036821 THz     6.514537 2PiTHz   34.584619 cm-1     4.287944 meV
             X         Y         Z           dx          dy          dz
     15.518985  0.929341 12.441821    -0.000000   -0.015183   -0.000000  
      6.616854  2.788024 12.594077     0.000000    0.015175    0.000000  
      2.299255  0.929341 12.441442    -0.000000   -0.015969   -0.000000  
     11.201891  2.788024 12.594295    -0.000000    0.016253    0.000000  
     12.978330  0.929341 11.777452    -0.000000   -0.000839   -0.000000  
      4.075984  2.788024 13.259029    -0.000000    0.000987    0.000000  
      4.839461  0.929341 11.777088     0.000000   -0.001316    0.000000  
     13.741567  2.788024 13.259193    -0.000000    0.001502   -0.000000  
      8.907040  0.929341 12.370505    -0.000000    0.028901    0.000000  
      0.005627  2.788024 12.664576    -0.000000   -0.029339   -0.000000  
     14.311903  2.788024 10.580802    -0.000000   -0.008779   -0.000000  
      5.409563  0.929341 14.455386    -0.000000    0.008851    0.000000  
     10.693180  0.929341 10.562509    -0.000000    0.030486    0.000000  
      1.790519  2.788024 14.473367    -0.000000   -0.029916   -0.000000  
      3.506921  2.788024 10.580402     0.000000   -0.009100    0.000000  
     12.408767  0.929341 14.455686     0.000000    0.009365   -0.000000  
      7.123465  0.929341 10.561065    -0.000000    0.028271    0.000000  
     16.025723  2.788024 14.474552    -0.000000   -0.028377   -0.000000  
      0.007149  0.929341 10.898066     0.000000   -0.031119   -0.000000  
      8.908990  2.788024 14.136629     0.000000    0.030683    0.000000  
 
  55 f  =    0.898407 THz     5.644859 2PiTHz   29.967641 cm-1     3.715512 meV
             X         Y         Z           dx          dy          dz
     15.518985  0.929341 12.441821     0.001991    0.000000   -0.019770  
      6.616854  2.788024 12.594077     0.000734   -0.000000    0.019541  
      2.299255  0.929341 12.441442    -0.004366    0.000000   -0.020440  
     11.201891  2.788024 12.594295    -0.003123   -0.000000    0.021055  
     12.978330  0.929341 11.777452    -0.003236   -0.000000    0.004517  
      4.075984  2.788024 13.259029    -0.004887   -0.000000   -0.003947  
      4.839461  0.929341 11.777088     0.001900   -0.000000    0.004179  
     13.741567  2.788024 13.259193     0.003822   -0.000000   -0.003834  
      8.907040  0.929341 12.370505    -0.001273   -0.000000    0.028540  
      0.005627  2.788024 12.664576    -0.001087    0.000000   -0.028116  
     14.311903  2.788024 10.580802    -0.011533    0.000000   -0.006985  
      5.409563  0.929341 14.455386    -0.014348   -0.000000    0.007701  
     10.693180  0.929341 10.562509    -0.008381   -0.000000    0.022548  
      1.790519  2.788024 14.473367    -0.009997    0.000000   -0.022178  
      3.506921  2.788024 10.580402     0.008912    0.000000   -0.007454  
     12.408767  0.929341 14.455686     0.012251   -0.000000    0.008907  
      7.123465  0.929341 10.561065     0.006484   -0.000000    0.021521  
     16.025723  2.788024 14.474552     0.008099    0.000000   -0.021877  
      0.007149  0.929341 10.898066    -0.001539    0.000000   -0.029559  
      8.908990  2.788024 14.136629    -0.001834   -0.000000    0.027697  
 
  56 f  =    0.811809 THz     5.100744 2PiTHz   27.079022 cm-1     3.357369 meV
             X         Y         Z           dx          dy          dz
     15.518985  0.929341 12.441821     0.000365    0.000000   -0.020277  
      6.616854  2.788024 12.594077    -0.000321   -0.000000    0.020169  
      2.299255  0.929341 12.441442     0.000304    0.000000    0.020170  
     11.201891  2.788024 12.594295    -0.000435   -0.000000   -0.018519  
     12.978330  0.929341 11.777452     0.000123    0.000000   -0.026748  
      4.075984  2.788024 13.259029     0.000177   -0.000000    0.027774  
      4.839461  0.929341 11.777088     0.000392   -0.000000    0.027673  
     13.741567  2.788024 13.259193     0.000524   -0.000000   -0.027270  
      8.907040  0.929341 12.370505     0.003940   -0.000000    0.000988  
      0.005627  2.788024 12.664576     0.004337    0.000000   -0.000275  
     14.311903  2.788024 10.580802     0.005060    0.000000   -0.024751  
      5.409563  0.929341 14.455386     0.005300   -0.000000    0.025429  
     10.693180  0.929341 10.562509    -0.008015   -0.000000   -0.015170  
      1.790519  2.788024 14.473367    -0.008325    0.000000    0.016479  
      3.506921  2.788024 10.580402     0.005905    0.000000    0.025075  
     12.408767  0.929341 14.455686     0.006151   -0.000000   -0.024356  
      7.123465  0.929341 10.561065    -0.007697   -0.000000    0.016631  
     16.025723  2.788024 14.474552    -0.007622    0.000000   -0.016508  
      0.007149  0.929341 10.898066     0.013398    0.000000   -0.000225  
      8.908990  2.788024 14.136629     0.011338   -0.000000    0.000990  
 
  57 fi =    0.113873 THz     0.715484 2PiTHz    3.798389 cm-1     0.470940 meV
             X         Y         Z           dx          dy          dz
     15.518985  0.929341 12.441821    -0.003286    0.000000    0.020907  
      6.616854  2.788024 12.594077    -0.002451   -0.000000    0.019962  
      2.299255  0.929341 12.441442    -0.002505   -0.000000    0.020429  
     11.201891  2.788024 12.594295    -0.003241    0.000000    0.020385  
     12.978330  0.929341 11.777452    -0.003114    0.000000    0.020269  
      4.075984  2.788024 13.259029    -0.001962   -0.000000    0.020397  
      4.839461  0.929341 11.777088    -0.002295   -0.000000    0.019967  
     13.741567  2.788024 13.259193    -0.003680    0.000000    0.020814  
      8.907040  0.929341 12.370505    -0.002708    0.000000    0.020319  
      0.005627  2.788024 12.664576    -0.002814    0.000000    0.019931  
     14.311903  2.788024 10.580802    -0.004165    0.000000    0.019965  
      5.409563  0.929341 14.455386    -0.001844   -0.000000    0.020099  
     10.693180  0.929341 10.562509    -0.002899    0.000000    0.020189  
      1.790519  2.788024 14.473367    -0.002191   -0.000000    0.020691  
      3.506921  2.788024 10.580402    -0.001659   -0.000000    0.019526  
     12.408767  0.929341 14.455686    -0.003882    0.000000    0.020793  
      7.123465  0.929341 10.561065    -0.002543   -0.000000    0.019912  
     16.025723  2.788024 14.474552    -0.003429    0.000000    0.020943  
      0.007149  0.929341 10.898066    -0.003134    0.000000    0.021571  
      8.908990  2.788024 14.136629    -0.003035    0.000000    0.020601  
 
  58 fi =    0.156834 THz     0.985415 2PiTHz    5.231406 cm-1     0.648611 meV
             X         Y         Z           dx          dy          dz
     15.518985  0.929341 12.441821     0.020920   -0.000000    0.002202  
      6.616854  2.788024 12.594077     0.020330    0.000000    0.002827  
      2.299255  0.929341 12.441442     0.020533    0.000000    0.001104  
     11.201891  2.788024 12.594295     0.020187    0.000000    0.005369  
     12.978330  0.929341 11.777452     0.019137   -0.000000    0.005465  
      4.075984  2.788024 13.259029     0.019310    0.000000    0.000399  
      4.839461  0.929341 11.777088     0.020016    0.000000    0.000826  
     13.741567  2.788024 13.259193     0.020480   -0.000000    0.004481  
      8.907040  0.929341 12.370505     0.018458    0.000000    0.004334  
      0.005627  2.788024 12.664576     0.019605    0.000000    0.001428  
     14.311903  2.788024 10.580802     0.019897   -0.000000    0.003316  
      5.409563  0.929341 14.455386     0.020158    0.000000    0.002193  
     10.693180  0.929341 10.562509     0.020002   -0.000000    0.005314  
      1.790519  2.788024 14.473367     0.020641    0.000000    0.001241  
      3.506921  2.788024 10.580402     0.020642    0.000000    0.000707  
     12.408767  0.929341 14.455686     0.021320   -0.000000    0.004891  
      7.123465  0.929341 10.561065     0.020413    0.000000    0.002092  
     16.025723  2.788024 14.474552     0.021290   -0.000000    0.002889  
      0.007149  0.929341 10.898066     0.020906    0.000000    0.001203  
      8.908990  2.788024 14.136629     0.019711    0.000000    0.004625  
 
  59 fi =    0.367720 THz     2.310450 2PiTHz   12.265805 cm-1     1.520765 meV
             X         Y         Z           dx          dy          dz
     15.518985  0.929341 12.441821     0.000000   -0.017703    0.000000  
      6.616854  2.788024 12.594077     0.000000   -0.021073    0.000000  
      2.299255  0.929341 12.441442     0.000000   -0.020787    0.000000  
     11.201891  2.788024 12.594295     0.000000   -0.017453    0.000000  
     12.978330  0.929341 11.777452     0.000000   -0.016548    0.000000  
      4.075984  2.788024 13.259029     0.000000   -0.019752    0.000000  
      4.839461  0.929341 11.777088     0.000000   -0.019613    0.000000  
     13.741567  2.788024 13.259193     0.000000   -0.016450    0.000000  
      8.907040  0.929341 12.370505     0.000000   -0.018065    0.000000  
      0.005627  2.788024 12.664576     0.000000   -0.018153    0.000000  
     14.311903  2.788024 10.580802     0.000000   -0.017645    0.000000  
      5.409563  0.929341 14.455386     0.000000   -0.021208    0.000000  
     10.693180  0.929341 10.562509     0.000000   -0.022748    0.000000  
      1.790519  2.788024 14.473367     0.000000   -0.028818    0.000000  
      3.506921  2.788024 10.580402     0.000000   -0.020531    0.000000  
     12.408767  0.929341 14.455686     0.000000   -0.017166    0.000000  
      7.123465  0.929341 10.561065     0.000000   -0.029458    0.000000  
     16.025723  2.788024 14.474552     0.000000   -0.023318    0.000000  
      0.007149  0.929341 10.898066     0.000000   -0.016972    0.000000  
      8.908990  2.788024 14.136629     0.000000   -0.016878    0.000000  
 
  60 fi =    0.418889 THz     2.631960 2PiTHz   13.972649 cm-1     1.732387 meV
             X         Y         Z           dx          dy          dz
     15.518985  0.929341 12.441821    -0.000000   -0.019935    0.000000  
      6.616854  2.788024 12.594077    -0.000000    0.016216    0.000000  
      2.299255  0.929341 12.441442    -0.000000    0.015460    0.000000  
     11.201891  2.788024 12.594295    -0.000000   -0.019049    0.000000  
     12.978330  0.929341 11.777452    -0.000000   -0.018951    0.000000  
      4.075984  2.788024 13.259029    -0.000000    0.015414    0.000000  
      4.839461  0.929341 11.777088    -0.000000    0.015074    0.000000  
     13.741567  2.788024 13.259193    -0.000000   -0.018537    0.000000  
      8.907040  0.929341 12.370505    -0.000000   -0.001209    0.000000  
      0.005627  2.788024 12.664576    -0.000000   -0.002118    0.000000  
     14.311903  2.788024 10.580802    -0.000000   -0.020974    0.000000  
      5.409563  0.929341 14.455386    -0.000000    0.017221    0.000000  
     10.693180  0.929341 10.562509    -0.000000   -0.033631    0.000000  
      1.790519  2.788024 14.473367    -0.000000    0.028858    0.000000  
      3.506921  2.788024 10.580402    -0.000000    0.015841    0.000000  
     12.408767  0.929341 14.455686    -0.000000   -0.019416    0.000000  
      7.123465  0.929341 10.561065    -0.000000    0.030307    0.000000  
     16.025723  2.788024 14.474552    -0.000000   -0.035432    0.000000  
      0.007149  0.929341 10.898066    -0.000000   -0.001891    0.000000  
      8.908990  2.788024 14.136629    -0.000000   -0.001207    0.000000  
 
